"Date","Time","Open","High","Low","Close","Vol","OI","Volume"
09/12/2018,15:00,6.00,6.93,5.35,6.60,66848996,0,0.00
09/13/2018,15:00,6.62,12.69,6.52,11.60,158346488,0,158346488.00
09/14/2018,15:00,12.66,13.80,9.22,9.90,172473559,0,172473559.00
09/17/2018,15:00,9.61,9.75,8.50,8.50,56323875,0,56323875.00
09/18/2018,15:00,8.73,9.10,7.67,7.68,41827593,0,41827593.00
09/19/2018,15:00,7.88,9.15,7.54,8.50,48306520,0,48306520.00
09/20/2018,15:00,9.15,9.47,8.42,8.78,40275036,0,40275036.00
09/21/2018,15:00,9.05,9.07,8.50,8.59,15118471,0,15118471.00
09/24/2018,15:00,8.32,8.39,7.85,7.87,16297902,0,16297902.00
09/25/2018,15:00,8.06,8.19,7.50,7.58,18909287,0,18909287.00
09/26/2018,15:00,7.61,7.76,7.50,7.50,11088293,0,11088293.00
09/27/2018,15:00,7.55,7.55,7.01,7.01,16815631,0,16815631.00
09/28/2018,15:00,6.97,7.28,6.68,6.98,21813582,0,21813582.00
10/01/2018,15:00,7.06,7.08,6.60,6.60,16429120,0,16429120.00
10/02/2018,15:00,6.60,6.60,5.87,5.93,19439988,0,19439988.00
10/03/2018,15:00,6.12,6.55,6.12,6.30,13251168,0,13251168.00
10/04/2018,15:00,6.19,6.25,6.00,6.25,11896599,0,11896599.00
10/05/2018,15:00,6.20,6.29,6.03,6.26,8378259,0,8378259.00
10/08/2018,15:00,6.07,6.18,5.95,6.04,11508763,0,11508763.00
10/09/2018,15:00,6.19,7.40,6.10,7.39,38464354,0,38464354.00
10/10/2018,15:00,8.10,8.35,7.39,7.75,74971137,0,74971137.00
10/11/2018,15:00,7.44,7.55,6.92,7.18,22730045,0,22730045.00
10/12/2018,15:00,7.46,7.75,7.28,7.46,14545424,0,14545424.00
10/15/2018,15:00,7.86,8.30,7.70,7.82,26781651,0,26781651.00
10/16/2018,15:00,8.06,8.20,7.83,8.04,17490452,0,17490452.00
10/17/2018,15:00,8.12,8.16,7.73,7.77,11705259,0,11705259.00
10/18/2018,15:00,7.60,7.67,7.26,7.50,11905956,0,11905956.00
10/19/2018,15:00,7.59,7.75,7.22,7.32,7336209,0,7336209.00
10/22/2018,15:00,7.68,7.69,7.00,7.03,12758537,0,12758537.00
10/23/2018,15:00,6.74,6.89,6.45,6.81,14901741,0,14901741.00
10/24/2018,15:00,6.85,6.85,6.13,6.17,14789857,0,14789857.00
10/25/2018,15:00,6.27,6.57,6.25,6.45,9188691,0,9188691.00
10/26/2018,15:00,6.21,6.51,6.18,6.35,9458953,0,9458953.00
10/29/2018,15:00,6.53,6.79,6.05,6.19,16027640,0,16027640.00
10/30/2018,15:00,6.20,6.22,5.62,5.95,21823905,0,21823905.00
10/31/2018,15:00,6.08,6.25,5.90,5.90,15213393,0,15213393.00
11/01/2018,15:00,6.00,6.78,5.96,6.62,24330932,0,24330932.00
11/02/2018,15:00,6.84,6.84,6.27,6.49,17988834,0,17988834.00
11/05/2018,15:00,6.52,6.72,6.25,6.68,13188661,0,13188661.00
11/06/2018,15:00,7.22,7.32,6.40,6.40,49855770,0,49855770.00
11/07/2018,15:00,6.42,6.88,6.15,6.74,23761772,0,23761772.00
11/08/2018,15:00,6.49,7.10,6.47,6.69,20510714,0,20510714.00
11/09/2018,15:00,6.59,6.93,6.52,6.77,12789789,0,12789789.00
11/12/2018,15:00,6.72,6.93,6.56,6.65,12709127,0,12709127.00
11/13/2018,15:00,6.69,6.90,6.58,6.78,15374076,0,15374076.00
11/14/2018,15:00,6.80,7.45,6.80,7.10,29585149,0,29585149.00
11/15/2018,15:00,7.15,7.49,7.11,7.34,18036362,0,18036362.00
11/16/2018,15:00,7.40,7.65,7.16,7.19,14972458,0,14972458.00
11/19/2018,15:00,7.38,8.21,7.28,7.84,49171758,0,49171758.00
11/20/2018,15:00,7.65,7.91,7.15,7.67,26923192,0,26923192.00
11/21/2018,15:00,7.90,8.05,7.63,7.71,13993640,0,13993640.00
11/23/2018,15:00,7.68,7.70,7.41,7.46,8119651,0,8119651.00
11/26/2018,15:00,7.61,7.63,7.16,7.37,12164902,0,12164902.00
11/27/2018,15:00,7.30,7.70,7.23,7.48,9084856,0,9084856.00
11/28/2018,15:00,7.60,8.15,7.60,8.12,22096929,0,22096929.00
11/29/2018,15:00,8.06,8.12,7.76,7.79,13207636,0,13207636.00
11/30/2018,15:00,7.80,8.00,7.68,7.71,10994730,0,10994730.00
12/03/2018,15:00,8.10,8.13,7.50,7.58,22336440,0,22336440.00
12/04/2018,15:00,7.60,7.64,7.05,7.08,19624735,0,19624735.00
12/06/2018,15:00,6.86,7.37,6.72,7.37,16688145,0,16688145.00
12/07/2018,15:00,7.36,7.38,6.96,6.99,11576166,0,11576166.00
12/10/2018,15:00,7.03,7.12,6.74,7.03,9980958,0,9980958.00
12/11/2018,15:00,7.08,7.20,6.92,7.08,8095733,0,8095733.00
12/12/2018,15:00,7.20,7.55,7.12,7.54,16007523,0,16007523.00
12/13/2018,15:00,7.55,7.90,7.26,7.75,14980941,0,14980941.00
12/14/2018,15:00,7.53,7.89,7.40,7.70,10773624,0,10773624.00
12/17/2018,15:00,7.63,7.64,6.96,7.03,18132776,0,18132776.00
12/18/2018,15:00,7.03,7.19,6.84,7.07,10685752,0,10685752.00
12/19/2018,15:00,7.03,7.15,6.80,6.83,9299725,0,9299725.00
12/20/2018,15:00,6.82,6.92,6.33,6.52,12080014,0,12080014.00
12/21/2018,15:00,6.59,6.65,6.06,6.07,13598339,0,13598339.00
12/24/2018,15:00,6.00,6.12,5.84,5.92,8835827,0,8835827.00
12/26/2018,15:00,6.11,6.37,5.96,6.36,9912348,0,9912348.00
12/27/2018,15:00,6.17,6.45,6.03,6.43,8531875,0,8531875.00
12/28/2018,15:00,6.50,6.56,6.30,6.47,7996498,0,7996498.00
12/31/2018,15:00,6.56,6.57,6.21,6.37,8827482,0,8827482.00
01/02/2019,15:00,6.13,6.24,6.00,6.20,8823588,0,8823588.00
01/03/2019,15:00,6.10,6.15,6.02,6.05,7562892,0,7562892.00
01/04/2019,15:00,6.19,6.40,6.13,6.36,9405574,0,9405574.00
01/07/2019,15:00,6.41,6.59,6.31,6.50,9709046,0,9709046.00
01/08/2019,15:00,6.57,6.58,6.17,6.40,9603777,0,9603777.00
01/09/2019,15:00,6.41,6.69,6.35,6.63,11489874,0,11489874.00
01/10/2019,15:00,6.68,6.73,6.41,6.66,11221122,0,11221122.00
01/11/2019,15:00,6.55,6.62,6.48,6.59,6902293,0,6902293.00
01/14/2019,15:00,6.51,7.15,6.37,6.80,19454079,0,19454079.00
01/15/2019,15:00,6.85,7.07,6.75,6.82,12632982,0,12632982.00
01/16/2019,15:00,6.85,6.90,6.68,6.71,6941150,0,6941150.00
01/17/2019,15:00,6.70,6.88,6.53,6.81,8508909,0,8508909.00
01/18/2019,15:00,6.89,6.91,6.68,6.71,9240851,0,9240851.00
01/22/2019,15:00,6.63,6.67,6.51,6.57,6379619,0,6379619.00
01/23/2019,15:00,6.63,6.79,6.47,6.55,5685964,0,5685964.00
01/24/2019,15:00,6.52,6.75,6.47,6.58,5919985,0,5919985.00
01/25/2019,15:00,6.65,6.78,6.60,6.65,6726949,0,6726949.00
01/28/2019,15:00,6.56,6.68,6.48,6.67,5111018,0,5111018.00
01/29/2019,15:00,6.68,6.97,6.64,6.94,14200087,0,14200087.00
01/30/2019,15:00,6.94,7.55,6.92,7.46,28775026,0,28775026.00
01/31/2019,15:00,7.40,7.89,7.40,7.88,21233857,0,21233857.00
02/01/2019,15:00,7.85,8.11,7.68,7.90,20788847,0,20788847.00
02/04/2019,15:00,7.96,7.98,7.74,7.85,8585348,0,8585348.00
02/05/2019,15:00,7.78,7.96,7.61,7.88,9029887,0,9029887.00
02/06/2019,15:00,7.95,8.59,7.83,8.40,33404746,0,33404746.00
02/07/2019,15:00,8.28,8.37,7.80,8.04,23198212,0,23198212.00
02/08/2019,15:00,7.95,8.00,7.28,7.67,21709346,0,21709346.00
02/11/2019,15:00,7.71,7.77,7.38,7.46,9750733,0,9750733.00
02/12/2019,15:00,7.42,7.57,7.14,7.44,13264105,0,13264105.00
02/13/2019,15:00,7.52,7.68,7.39,7.49,10867810,0,10867810.00
02/14/2019,15:00,7.70,7.78,7.42,7.48,14728317,0,14728317.00
02/15/2019,15:00,7.55,7.64,7.26,7.41,15620191,0,15620191.00
02/19/2019,15:00,7.40,7.43,7.21,7.26,9974748,0,9974748.00
02/20/2019,15:00,7.26,7.77,7.26,7.62,21495721,0,21495721.00
02/21/2019,15:00,7.70,7.73,7.43,7.64,8060138,0,8060138.00
02/22/2019,15:00,7.92,8.22,7.75,8.17,26600350,0,26600350.00
02/25/2019,15:00,9.04,9.09,8.60,9.00,52424249,0,52424249.00
02/26/2019,15:00,9.16,10.64,8.82,9.79,106022591,0,106022591.00
02/27/2019,15:00,10.15,10.25,9.33,9.85,53234270,0,53234270.00
02/28/2019,15:00,9.85,9.93,9.46,9.57,26506014,0,26506014.00
03/01/2019,15:00,9.82,10.20,9.73,10.06,32409414,0,32409414.00
03/04/2019,15:00,10.32,10.37,9.15,9.78,43753280,0,43753280.00
03/05/2019,15:00,9.80,10.63,9.70,10.16,53680765,0,53680765.00
03/06/2019,15:00,8.26,8.72,8.00,8.01,73522653,0,73522653.00
03/07/2019,15:00,7.81,7.95,7.00,7.09,52469571,0,52469571.00
03/08/2019,15:00,7.02,7.20,6.85,7.06,32040585,0,32040585.00
03/11/2019,15:00,6.95,6.98,6.55,6.59,62544507,0,62544507.00
03/12/2019,15:00,6.62,6.64,6.37,6.39,41615989,0,41615989.00
03/13/2019,15:00,6.32,6.77,6.24,6.53,41727215,0,41727215.00
03/14/2019,15:00,6.63,6.64,6.00,6.03,58983387,0,58983387.00
03/15/2019,15:00,6.12,6.13,5.71,5.71,85776969,0,85776969.00
03/18/2019,15:00,5.69,5.95,5.44,5.75,76506119,0,76506119.00
03/19/2019,15:00,5.75,6.03,5.73,5.96,54509153,0,54509153.00
03/20/2019,15:00,6.02,6.03,5.71,5.85,39053693,0,39053693.00
03/21/2019,15:00,5.75,5.95,5.74,5.84,21368941,0,21368941.00
03/22/2019,15:00,5.80,5.87,5.60,5.62,24956464,0,24956464.00
03/25/2019,15:00,5.62,5.66,5.27,5.35,38993269,0,38993269.00
03/26/2019,15:00,5.20,5.22,4.90,4.96,67206268,0,67206268.00
03/27/2019,15:00,5.01,5.19,4.96,4.98,39753377,0,39753377.00
03/28/2019,15:00,5.04,5.17,4.93,5.01,29458068,0,29458068.00
03/29/2019,15:00,5.06,5.13,5.03,5.10,23595909,0,23595909.00
04/01/2019,15:00,5.29,5.40,5.14,5.21,32404597,0,32404597.00
04/02/2019,15:00,5.43,5.61,5.35,5.39,55814771,0,55814771.00
04/03/2019,15:00,5.55,5.58,5.23,5.31,35320203,0,35320203.00
04/04/2019,15:00,5.39,5.50,5.27,5.35,31696613,0,31696613.00
04/05/2019,15:00,5.37,5.40,5.31,5.36,18093412,0,18093412.00
04/08/2019,15:00,5.33,5.38,5.25,5.30,17349772,0,17349772.00
04/09/2019,15:00,5.28,5.28,5.06,5.08,32590061,0,32590061.00
04/10/2019,15:00,5.06,5.11,4.96,5.05,25958722,0,25958722.00
04/11/2019,15:00,5.00,5.09,4.97,5.01,17642573,0,17642573.00
04/12/2019,15:00,5.03,5.06,4.95,4.99,15561263,0,15561263.00
04/15/2019,15:00,4.99,5.00,4.72,4.75,27489142,0,27489142.00
04/16/2019,15:00,4.80,4.81,4.43,4.45,46354509,0,46354509.00
04/17/2019,15:00,4.61,4.72,4.51,4.59,30546383,0,30546383.00
04/18/2019,15:00,4.53,4.92,4.44,4.79,31206503,0,31206503.00
04/22/2019,15:00,4.74,4.81,4.62,4.78,12936684,0,12936684.00
04/23/2019,15:00,4.82,4.92,4.73,4.83,15106971,0,15106971.00
04/24/2019,15:00,4.79,5.01,4.75,5.00,20401275,0,20401275.00
04/25/2019,15:00,5.01,5.15,4.85,4.90,21552804,0,21552804.00
04/26/2019,15:00,4.85,4.93,4.77,4.92,11891337,0,11891337.00
04/29/2019,15:00,4.89,5.05,4.87,4.98,15202827,0,15202827.00
04/30/2019,15:00,4.98,5.08,4.80,4.85,14434585,0,14434585.00
05/01/2019,15:00,4.84,4.85,4.68,4.68,13308347,0,13308347.00
05/02/2019,15:00,4.74,4.75,4.57,4.72,14080431,0,14080431.00
05/03/2019,15:00,4.73,5.11,4.73,5.02,25245547,0,25245547.00
05/06/2019,15:00,4.72,4.88,4.69,4.88,16144442,0,16144442.00
05/07/2019,15:00,4.81,4.92,4.76,4.84,11545700,0,11545700.00
05/08/2019,15:00,4.79,4.81,4.56,4.57,20456913,0,20456913.00
05/09/2019,15:00,4.54,4.70,4.51,4.60,15759712,0,15759712.00
05/10/2019,15:00,4.60,4.66,4.51,4.56,17146542,0,17146542.00
05/13/2019,15:00,4.50,4.50,4.30,4.33,21804468,0,21804468.00
05/14/2019,15:00,4.47,4.67,4.41,4.67,27925652,0,27925652.00
05/15/2019,15:00,4.59,4.75,4.53,4.71,14668954,0,14668954.00
05/16/2019,15:00,4.65,4.85,4.61,4.66,16197999,0,16197999.00
05/17/2019,15:00,4.58,4.70,4.42,4.42,19775669,0,19775669.00
05/20/2019,15:00,4.38,4.40,4.11,4.25,23571672,0,23571672.00
05/21/2019,15:00,4.35,4.45,4.25,4.29,23435345,0,23435345.00
05/22/2019,15:00,4.25,4.30,4.00,4.05,35451326,0,35451326.00
05/23/2019,15:00,3.96,4.03,3.83,3.93,27855521,0,27855521.00
05/24/2019,15:00,3.98,4.05,3.81,3.86,26069358,0,26069358.00
05/28/2019,15:00,4.12,4.14,3.88,4.00,114474424,0,114474424.00
05/29/2019,15:00,3.89,3.90,3.60,3.61,41690392,0,41690392.00
05/30/2019,15:00,3.55,3.55,3.11,3.24,55942228,0,55942228.00
05/31/2019,15:00,3.07,3.15,3.00,3.05,39383312,0,39383312.00
06/03/2019,15:00,2.98,3.06,2.74,2.96,51792961,0,51792961.00
06/04/2019,15:00,3.04,3.11,2.97,3.04,30924022,0,30924022.00
06/05/2019,15:00,3.07,3.09,2.76,2.83,38179137,0,38179137.00
06/06/2019,15:00,2.90,2.90,2.54,2.65,54094341,0,54094341.00
06/07/2019,15:00,2.64,2.81,2.55,2.76,31397929,0,31397929.00
06/10/2019,15:00,2.75,2.82,2.59,2.63,35989051,0,35989051.00
06/11/2019,15:00,2.67,2.67,2.55,2.61,33070093,0,33070093.00
06/12/2019,15:00,2.62,2.62,2.50,2.55,30099492,0,30099492.00
06/13/2019,15:00,2.55,2.62,2.50,2.52,21962643,0,21962643.00
06/14/2019,15:00,2.44,2.45,2.35,2.42,27065748,0,27065748.00
06/17/2019,15:00,2.39,2.53,2.35,2.46,20830117,0,20830117.00
06/18/2019,15:00,2.52,2.71,2.45,2.53,50080849,0,50080849.00
06/19/2019,15:00,2.67,2.84,2.56,2.74,43761943,0,43761943.00
06/20/2019,15:00,2.87,3.05,2.80,2.83,55697201,0,55697201.00
06/21/2019,15:00,2.88,2.90,2.57,2.64,49602361,0,49602361.00
06/24/2019,15:00,2.61,2.69,2.51,2.64,22693858,0,22693858.00
06/25/2019,15:00,2.64,2.66,2.55,2.60,16289847,0,16289847.00
06/26/2019,15:00,2.64,2.73,2.54,2.55,20679334,0,20679334.00
06/27/2019,15:00,2.51,2.62,2.44,2.60,27685620,0,27685620.00
06/28/2019,15:00,2.60,2.63,2.51,2.55,17640326,0,17640326.00
07/01/2019,15:00,2.67,2.68,2.58,2.60,19541552,0,19541552.00
07/02/2019,15:00,2.60,2.85,2.57,2.82,35317275,0,35317275.00
07/03/2019,15:00,2.93,3.29,2.90,3.13,75342426,0,75342426.00
07/05/2019,15:00,3.31,3.34,3.15,3.26,35914642,0,35914642.00
07/08/2019,15:00,3.21,3.50,3.13,3.49,40423954,0,40423954.00
07/09/2019,15:00,3.58,3.90,3.42,3.69,87406073,0,87406073.00
07/10/2019,15:00,3.95,4.00,3.60,3.68,85126060,0,85126060.00
07/11/2019,15:00,3.64,3.68,3.32,3.42,57070344,0,57070344.00
07/12/2019,15:00,3.34,3.64,3.32,3.45,39432181,0,39432181.00
07/15/2019,15:00,3.49,3.52,3.34,3.39,19833129,0,19833129.00
07/16/2019,15:00,3.40,3.45,3.26,3.30,25764637,0,25764637.00
07/17/2019,15:00,3.28,3.52,3.25,3.44,26704968,0,26704968.00
07/18/2019,15:00,3.47,3.50,3.31,3.43,17652624,0,17652624.00
07/19/2019,15:00,3.43,3.48,3.36,3.37,13784331,0,13784331.00
07/22/2019,15:00,3.38,3.45,3.31,3.38,12376944,0,12376944.00
07/23/2019,15:00,3.43,3.49,3.37,3.46,12462047,0,12462047.00
07/24/2019,15:00,3.45,3.75,3.44,3.67,38844783,0,38844783.00
07/25/2019,15:00,3.68,3.72,3.50,3.50,26513325,0,26513325.00
07/26/2019,15:00,3.56,3.62,3.50,3.51,15606285,0,15606285.00
07/29/2019,15:00,3.55,3.58,3.32,3.46,25890697,0,25890697.00
07/30/2019,15:00,3.43,3.44,3.35,3.38,14127899,0,14127899.00
07/31/2019,15:00,3.38,3.53,3.36,3.47,19917224,0,19917224.00
08/01/2019,15:00,3.45,3.51,3.20,3.28,28758382,0,28758382.00
08/02/2019,15:00,3.21,3.33,3.16,3.27,17211310,0,17211310.00
08/05/2019,15:00,3.14,3.14,2.85,2.95,38736177,0,38736177.00
08/06/2019,15:00,3.09,3.14,3.00,3.08,23455749,0,23455749.00
08/07/2019,15:00,3.04,3.09,2.93,3.09,18090390,0,18090390.00
08/08/2019,15:00,3.13,3.26,3.11,3.17,20999758,0,20999758.00
08/09/2019,15:00,3.13,3.18,3.10,3.13,10609998,0,10609998.00
08/12/2019,15:00,3.05,3.11,2.96,3.05,15019887,0,15019887.00
08/13/2019,15:00,3.00,3.20,3.00,3.15,18607576,0,18607576.00
08/14/2019,15:00,3.08,3.08,2.88,2.90,28205946,0,28205946.00
08/15/2019,15:00,2.99,2.99,2.77,2.82,15735986,0,15735986.00
08/16/2019,15:00,2.89,3.01,2.86,2.95,15884219,0,15884219.00
08/19/2019,15:00,3.00,3.10,3.00,3.00,13657084,0,13657084.00
08/20/2019,15:00,3.06,3.21,3.00,3.16,16703065,0,16703065.00
08/21/2019,15:00,3.23,3.27,3.02,3.05,21524358,0,21524358.00
08/22/2019,15:00,3.06,3.09,3.01,3.02,12427830,0,12427830.00
08/23/2019,15:00,2.97,3.04,2.89,2.92,13649638,0,13649638.00
08/26/2019,15:00,2.95,2.95,2.83,2.90,14138291,0,14138291.00
08/27/2019,15:00,2.92,3.00,2.83,2.91,20416708,0,20416708.00
08/28/2019,15:00,2.90,2.92,2.83,2.84,10491777,0,10491777.00
08/29/2019,15:00,2.91,2.93,2.85,2.85,12377439,0,12377439.00
08/30/2019,15:00,2.90,2.91,2.84,2.86,8162524,0,8162524.00
09/03/2019,15:00,2.82,2.83,2.58,2.60,26902284,0,26902284.00
09/04/2019,15:00,2.70,2.75,2.64,2.75,15213978,0,15213978.00
09/05/2019,15:00,2.81,3.00,2.80,2.95,23269977,0,23269977.00
09/06/2019,15:00,2.99,3.00,2.87,2.98,14509344,0,14509344.00
09/09/2019,15:00,3.00,3.14,2.93,3.14,17386277,0,17386277.00
09/10/2019,15:00,3.13,3.33,3.07,3.32,20848752,0,20848752.00
09/11/2019,15:00,3.28,3.33,3.16,3.27,13619898,0,13619898.00
09/12/2019,15:00,3.24,3.27,3.10,3.19,10957834,0,10957834.00
09/13/2019,15:00,3.22,3.27,3.15,3.21,8371663,0,8371663.00
09/16/2019,15:00,3.17,3.21,3.09,3.12,12374938,0,12374938.00
09/17/2019,15:00,3.11,3.18,3.00,3.18,13011822,0,13011822.00
09/18/2019,15:00,3.21,3.21,3.03,3.08,12582923,0,12582923.00
09/19/2019,15:00,3.12,3.16,3.08,3.10,8838966,0,8838966.00
09/20/2019,15:00,3.14,3.16,3.02,3.04,12053844,0,12053844.00
09/23/2019,15:00,2.98,2.98,2.71,2.72,40587553,0,40587553.00
09/24/2019,15:00,2.22,2.24,1.97,2.17,122304157,0,122304157.00
09/25/2019,15:00,2.15,2.15,2.02,2.05,39271995,0,39271995.00
09/26/2019,15:00,2.05,2.06,1.90,1.96,52898703,0,52898703.00
09/27/2019,15:00,1.94,2.00,1.71,1.75,59980823,0,59980823.00
09/30/2019,15:00,1.72,1.73,1.53,1.56,58965484,0,58965484.00
10/01/2019,15:00,1.51,1.51,1.22,1.32,88303453,0,88303453.00
10/02/2019,15:00,1.19,1.65,1.19,1.59,99492149,0,99492149.00
10/03/2019,15:00,1.59,1.70,1.43,1.64,58718147,0,58718147.00
10/04/2019,15:00,1.60,1.69,1.56,1.62,25301661,0,25301661.00
10/07/2019,15:00,1.58,1.59,1.45,1.55,26931904,0,26931904.00
10/08/2019,15:00,1.73,1.80,1.66,1.70,47246745,0,47246745.00
10/09/2019,15:00,1.75,1.76,1.58,1.64,35977235,0,35977235.00
10/10/2019,15:00,1.64,1.64,1.50,1.53,34066323,0,34066323.00
10/11/2019,15:00,1.55,1.59,1.50,1.56,25706738,0,25706738.00
10/14/2019,15:00,1.56,1.57,1.52,1.53,12597397,0,12597397.00
10/15/2019,15:00,1.63,1.64,1.54,1.55,27705187,0,27705187.00
10/16/2019,15:00,1.46,1.52,1.40,1.46,40843013,0,40843013.00
10/17/2019,15:00,1.46,1.50,1.42,1.46,18386078,0,18386078.00
10/18/2019,15:00,1.45,1.55,1.44,1.52,21500327,0,21500327.00
10/21/2019,15:00,1.52,1.77,1.49,1.69,40265126,0,40265126.00
10/22/2019,15:00,1.70,1.77,1.52,1.58,39052416,0,39052416.00
10/23/2019,15:00,1.58,1.60,1.52,1.53,12847715,0,12847715.00
10/24/2019,15:00,1.57,1.60,1.53,1.54,21615931,0,21615931.00
10/25/2019,15:00,1.54,1.56,1.50,1.51,20583465,0,20583465.00
10/28/2019,15:00,1.43,1.50,1.38,1.48,32759838,0,32759838.00
10/29/2019,15:00,1.45,1.45,1.39,1.39,22390431,0,22390431.00
10/30/2019,15:00,1.42,1.45,1.36,1.43,20881217,0,20881217.00
10/31/2019,15:00,1.47,1.54,1.44,1.45,22415770,0,22415770.00
11/01/2019,15:00,1.49,1.55,1.49,1.52,18037448,0,18037448.00
11/04/2019,15:00,1.65,1.90,1.58,1.71,61267351,0,61267351.00
11/05/2019,15:00,1.88,2.38,1.80,2.34,184641152,0,184641152.00
11/06/2019,15:00,2.46,2.46,1.96,2.03,114179516,0,114179516.00
11/07/2019,15:00,2.11,2.20,2.05,2.07,39588769,0,39588769.00
11/08/2019,15:00,2.13,2.13,1.94,1.98,38420906,0,38420906.00
11/11/2019,15:00,1.90,1.96,1.78,1.86,34365566,0,34365566.00
11/12/2019,15:00,1.90,2.05,1.83,1.94,27818014,0,27818014.00
11/13/2019,15:00,1.90,1.99,1.85,1.90,25129674,0,25129674.00
11/14/2019,15:00,1.86,1.89,1.66,1.75,46805706,0,46805706.00
11/15/2019,15:00,1.75,1.84,1.66,1.80,32267866,0,32267866.00
11/18/2019,15:00,1.88,1.90,1.73,1.80,26550709,0,26550709.00
11/19/2019,15:00,1.78,1.89,1.78,1.83,26829617,0,26829617.00
11/20/2019,15:00,1.85,1.87,1.77,1.84,20771437,0,20771437.00
11/21/2019,15:00,1.87,2.04,1.82,1.98,41548257,0,41548257.00
11/22/2019,15:00,2.04,2.05,1.88,1.94,25210980,0,25210980.00
11/25/2019,15:00,1.99,2.12,1.96,2.05,36941204,0,36941204.00
11/26/2019,15:00,2.12,2.29,2.12,2.28,55683461,0,55683461.00
11/27/2019,15:00,2.32,2.50,2.28,2.46,77494322,0,77494322.00
11/29/2019,15:00,2.36,2.36,2.20,2.27,32640284,0,32640284.00
12/02/2019,15:00,2.35,2.44,2.30,2.44,33145682,0,33145682.00
12/03/2019,15:00,2.31,2.48,2.25,2.40,38015425,0,38015425.00
12/04/2019,15:00,2.42,2.58,2.41,2.42,46922168,0,46922168.00
12/05/2019,15:00,2.53,2.57,2.25,2.27,53335378,0,53335378.00
12/06/2019,15:00,2.32,2.34,2.20,2.26,32061322,0,32061322.00
12/09/2019,15:00,2.21,2.25,2.11,2.22,31824409,0,31824409.00
12/10/2019,15:00,2.20,2.28,2.14,2.27,25261366,0,25261366.00
12/11/2019,15:00,2.26,2.32,2.23,2.26,20364065,0,20364065.00
12/12/2019,15:00,2.30,2.33,2.26,2.27,22515294,0,22515294.00
12/13/2019,15:00,2.31,2.43,2.29,2.39,37269741,0,37269741.00
12/16/2019,15:00,2.44,2.55,2.39,2.48,36959896,0,36959896.00
12/17/2019,15:00,2.54,2.63,2.50,2.59,45705508,0,45705508.00
12/18/2019,15:00,2.58,2.67,2.54,2.63,31842120,0,31842120.00
12/19/2019,15:00,2.69,2.73,2.61,2.62,36387929,0,36387929.00
12/20/2019,15:00,2.65,2.72,2.63,2.69,51014364,0,51014364.00
12/23/2019,15:00,2.74,2.76,2.65,2.67,28627274,0,28627274.00
12/24/2019,15:00,2.63,2.63,2.45,2.53,32029806,0,32029806.00
12/26/2019,15:00,2.45,2.52,2.35,2.51,44197159,0,44197159.00
12/27/2019,15:00,2.54,2.55,2.41,2.42,37703779,0,37703779.00
12/30/2019,15:00,2.92,4.87,2.88,3.72,433831851,0,433831851.00
12/31/2019,15:00,4.15,4.42,3.82,4.02,218567537,0,218567537.00
01/02/2020,15:00,4.10,4.10,3.61,3.72,103899030,0,103899030.00
01/03/2020,15:00,3.50,3.90,3.48,3.83,82981638,0,82981638.00
01/06/2020,15:00,4.19,4.24,3.66,3.68,106848660,0,106848660.00
01/07/2020,15:00,3.70,3.73,3.21,3.24,109299493,0,109299493.00
01/08/2020,15:00,3.14,3.49,3.13,3.39,65258120,0,65258120.00
01/09/2020,15:00,3.44,3.58,3.33,3.46,54722031,0,54722031.00
01/10/2020,15:00,3.49,3.58,3.40,3.51,35762408,0,35762408.00
01/13/2020,15:00,3.71,3.73,3.52,3.70,59974787,0,59974787.00
01/14/2020,15:00,3.70,3.82,3.61,3.76,55273777,0,55273777.00
01/15/2020,15:00,4.19,4.48,4.00,4.29,236357902,0,236357902.00
01/16/2020,15:00,3.99,4.40,3.91,4.37,99336772,0,99336772.00
01/17/2020,15:00,4.51,4.71,4.46,4.67,109601251,0,109601251.00
01/21/2020,15:00,4.60,5.29,4.52,5.17,181423633,0,181423633.00
01/22/2020,15:00,5.42,5.65,4.69,4.79,207132680,0,207132680.00
01/23/2020,15:00,4.57,4.95,4.31,4.92,102535338,0,102535338.00
01/24/2020,15:00,5.00,5.06,4.51,4.66,65537979,0,65537979.00
01/27/2020,15:00,3.99,4.35,3.84,4.01,102028723,0,102028723.00
01/28/2020,15:00,4.25,4.27,4.03,4.21,48979120,0,48979120.00
01/29/2020,15:00,4.23,4.33,4.02,4.27,54690961,0,54690961.00
01/30/2020,15:00,4.24,4.38,4.01,4.08,75009830,0,75009830.00
01/31/2020,15:00,4.02,4.04,3.67,3.78,77923240,0,77923240.00
02/03/2020,15:00,3.54,4.11,3.52,4.06,74051574,0,74051574.00
02/04/2020,15:00,4.29,4.70,4.16,4.51,123640368,0,123640368.00
02/05/2020,15:00,4.37,4.48,4.13,4.39,73632529,0,73632529.00
02/06/2020,15:00,4.20,4.33,4.05,4.08,75641235,0,75641235.00
02/07/2020,15:00,4.02,4.02,3.74,3.81,80780664,0,80780664.00
02/10/2020,15:00,3.67,3.91,3.62,3.87,67157664,0,67157664.00
02/11/2020,15:00,3.83,4.05,3.80,3.96,54097105,0,54097105.00
02/12/2020,15:00,4.00,4.20,3.98,4.07,50975290,0,50975290.00
02/13/2020,15:00,3.95,4.05,3.86,4.03,42411229,0,42411229.00
02/14/2020,15:00,4.02,4.04,3.75,3.77,69655607,0,69655607.00
02/18/2020,15:00,3.90,3.98,3.76,3.80,47957233,0,47957233.00
02/19/2020,15:00,3.93,4.10,3.86,4.08,73256322,0,73256322.00
02/20/2020,15:00,4.10,4.40,4.01,4.26,86873471,0,86873471.00
02/21/2020,15:00,4.20,4.20,4.02,4.08,40482810,0,40482810.00
02/24/2020,15:00,3.79,3.94,3.76,3.88,56247056,0,56247056.00
02/25/2020,15:00,5.18,5.19,4.24,4.40,206259361,0,206259361.00
02/26/2020,15:00,4.50,4.71,4.30,4.34,69730248,0,69730248.00
02/27/2020,15:00,4.09,4.30,3.92,4.14,77846721,0,77846721.00
02/28/2020,15:00,3.96,4.14,3.87,4.13,63782042,0,63782042.00
03/02/2020,15:00,4.15,4.19,3.90,4.11,56063195,0,56063195.00
03/03/2020,15:00,4.08,4.21,3.95,4.06,47644480,0,47644480.00
03/04/2020,15:00,4.03,4.07,3.77,3.87,49465751,0,49465751.00
03/05/2020,15:00,3.78,3.89,3.68,3.72,72697795,0,72697795.00
03/06/2020,15:00,3.62,3.66,3.42,3.55,61210929,0,61210929.00
03/09/2020,15:00,3.01,3.54,2.99,3.29,55305328,0,55305328.00
03/10/2020,15:00,3.49,3.54,3.29,3.50,34928387,0,34928387.00
03/11/2020,15:00,3.40,3.53,3.26,3.32,31602952,0,31602952.00
03/12/2020,15:00,3.06,3.23,2.98,3.13,52438300,0,52438300.00
03/13/2020,15:00,3.28,3.33,2.99,3.11,41770356,0,41770356.00
03/16/2020,15:00,2.87,3.11,2.75,2.94,41266247,0,41266247.00
03/17/2020,15:00,2.97,3.12,2.79,2.90,34862223,0,34862223.00
03/18/2020,15:00,2.40,2.58,2.11,2.43,94431908,0,94431908.00
03/19/2020,15:00,2.30,2.55,2.23,2.38,35499023,0,35499023.00
03/20/2020,15:00,2.49,2.64,2.35,2.40,50528427,0,50528427.00
03/23/2020,15:00,2.34,2.37,2.15,2.37,47435199,0,47435199.00
03/24/2020,15:00,2.55,2.75,2.40,2.60,64750139,0,64750139.00
03/25/2020,15:00,2.72,2.99,2.60,2.76,56588262,0,56588262.00
03/26/2020,15:00,2.81,3.07,2.78,2.93,43672211,0,43672211.00
03/27/2020,15:00,2.85,2.89,2.76,2.84,25131985,0,25131985.00
03/30/2020,15:00,2.81,2.83,2.70,2.71,20115309,0,20115309.00
03/31/2020,15:00,2.83,2.88,2.68,2.78,30261362,0,30261362.00
04/01/2020,15:00,2.63,2.76,2.60,2.65,17153763,0,17153763.00
04/02/2020,15:00,2.51,2.59,2.22,2.39,58942739,0,58942739.00
04/03/2020,15:00,2.45,2.49,2.33,2.40,19519520,0,19519520.00
04/06/2020,15:00,2.48,2.55,2.40,2.47,34866687,0,34866687.00
04/07/2020,15:00,2.81,2.81,2.65,2.70,46149560,0,46149560.00
04/08/2020,15:00,2.76,2.80,2.71,2.74,18312875,0,18312875.00
04/09/2020,15:00,2.82,2.82,2.63,2.67,32810030,0,32810030.00
04/13/2020,15:00,2.67,2.97,2.63,2.97,38421697,0,38421697.00
04/14/2020,15:00,3.15,3.16,2.92,3.01,36479030,0,36479030.00
04/15/2020,15:00,2.95,3.20,2.88,3.20,27529755,0,27529755.00
04/16/2020,15:00,3.30,3.41,3.20,3.25,37801727,0,37801727.00
04/17/2020,15:00,3.36,3.36,3.15,3.21,22031931,0,22031931.00
04/20/2020,15:00,3.18,3.35,3.05,3.19,18691695,0,18691695.00
04/21/2020,15:00,3.10,3.22,3.01,3.02,19789694,0,19789694.00
04/22/2020,15:00,3.09,3.15,3.05,3.09,14539905,0,14539905.00
04/23/2020,15:00,3.20,3.20,3.05,3.06,17434236,0,17434236.00
04/24/2020,15:00,3.08,3.10,2.91,2.94,22126196,0,22126196.00
04/27/2020,15:00,3.00,3.26,2.95,3.24,35641149,0,35641149.00
04/28/2020,15:00,3.40,3.45,3.20,3.34,36326767,0,36326767.00
04/29/2020,15:00,3.83,3.98,3.59,3.61,89238832,0,89238832.00
04/30/2020,15:00,3.63,3.72,3.37,3.41,44540375,0,44540375.00
05/01/2020,15:00,3.30,3.33,3.12,3.18,31268889,0,31268889.00
05/04/2020,15:00,3.08,3.36,3.08,3.34,23387494,0,23387494.00
05/05/2020,15:00,3.44,3.48,3.28,3.28,22315754,0,22315754.00
05/06/2020,15:00,3.59,3.65,3.45,3.62,54347841,0,54347841.00
05/07/2020,15:00,3.63,3.67,3.52,3.63,26736688,0,26736688.00
05/08/2020,15:00,3.68,3.80,3.60,3.77,27861737,0,27861737.00
05/11/2020,15:00,3.72,3.77,3.66,3.74,16585587,0,16585587.00
05/12/2020,15:00,3.74,3.78,3.61,3.62,21943797,0,21943797.00
05/13/2020,15:00,3.64,3.68,3.32,3.44,34034713,0,34034713.00
05/14/2020,15:00,3.33,3.52,3.27,3.45,20936412,0,20936412.00
05/15/2020,15:00,3.37,3.45,3.36,3.37,13698986,0,13698986.00
05/18/2020,15:00,3.50,3.69,3.50,3.61,27830213,0,27830213.00
05/19/2020,15:00,3.62,3.75,3.59,3.69,21707392,0,21707392.00
05/20/2020,15:00,3.76,3.82,3.40,3.48,52056914,0,52056914.00
05/21/2020,15:00,3.40,3.44,3.23,3.33,41628387,0,41628387.00
05/22/2020,15:00,3.33,3.34,3.18,3.27,22887346,0,22887346.00
05/26/2020,15:00,3.42,3.83,3.40,3.82,59847911,0,59847911.00
05/27/2020,15:00,4.01,4.20,3.90,4.17,70718928,0,70718928.00
05/28/2020,15:00,3.98,4.12,3.75,3.83,63097393,0,63097393.00
05/29/2020,15:00,3.82,4.00,3.73,3.98,50395382,0,50395382.00
06/01/2020,15:00,4.00,4.33,3.96,4.26,69221995,0,69221995.00
06/02/2020,15:00,4.36,4.73,4.35,4.70,82476550,0,82476550.00
06/03/2020,15:00,5.00,5.70,4.98,5.60,199209999,0,199209999.00
06/04/2020,15:00,6.01,6.20,5.61,5.97,173052558,0,173052558.00
06/05/2020,15:00,6.03,6.08,5.52,5.59,90811832,0,90811832.00
06/08/2020,15:00,5.81,6.08,5.68,5.97,85951553,0,85951553.00
06/09/2020,15:00,5.84,6.83,5.76,6.68,136907947,0,136907947.00
06/10/2020,15:00,6.72,6.95,6.16,6.30,100170711,0,100170711.00
06/11/2020,15:00,5.79,6.09,5.66,5.91,126509667,0,126509667.00
06/12/2020,15:00,6.20,6.32,5.92,6.10,59838813,0,59838813.00
06/15/2020,15:00,5.97,6.99,5.92,6.83,113694401,0,113694401.00
06/16/2020,15:00,7.43,7.44,6.53,6.99,130478555,0,130478555.00
06/17/2020,15:00,6.93,6.98,6.58,6.84,58927254,0,58927254.00
06/18/2020,15:00,6.80,7.36,6.78,7.18,78846410,0,78846410.00
06/19/2020,15:00,7.36,7.63,7.23,7.34,84604158,0,84604158.00
06/22/2020,15:00,7.86,7.90,7.38,7.43,112976003,0,112976003.00
06/23/2020,15:00,7.55,7.69,7.19,7.23,79863471,0,79863471.00
06/24/2020,15:00,6.93,7.08,6.50,6.86,103888622,0,103888622.00
06/25/2020,15:00,6.66,7.15,6.60,7.08,46660264,0,46660264.00
06/26/2020,15:00,7.03,7.18,6.80,6.90,33596811,0,33596811.00
06/29/2020,15:00,6.98,7.25,6.71,7.23,46070443,0,46070443.00
06/30/2020,15:00,7.21,7.75,7.12,7.72,84485467,0,84485467.00
07/01/2020,15:00,7.79,7.99,7.67,7.91,64842602,0,64842602.00
07/02/2020,15:00,9.05,9.40,8.70,9.38,221496676,0,221496676.00
07/06/2020,15:00,11.05,12.30,10.93,11.51,329223790,0,329223790.00
07/07/2020,15:00,11.26,13.77,10.70,13.22,444070512,0,444070512.00
07/08/2020,15:00,14.10,15.28,12.00,12.88,570911389,0,570911389.00
07/09/2020,15:00,13.50,14.63,13.07,14.57,316792032,0,316792032.00
07/10/2020,15:00,15.61,15.73,14.20,14.98,318870188,0,318870188.00
07/13/2020,15:00,15.26,16.44,13.61,13.84,313473197,0,313473197.00
07/14/2020,15:00,13.25,14.13,12.42,14.09,196130444,0,196130444.00
07/15/2020,15:00,13.82,13.95,12.85,13.52,114632197,0,114632197.00
07/16/2020,15:00,12.46,13.16,12.45,12.94,134608197,0,134608197.00
07/17/2020,15:00,11.86,12.07,10.46,11.09,290420761,0,290420761.00
07/20/2020,15:00,11.42,12.84,11.38,12.82,155441063,0,155441063.00
07/21/2020,15:00,13.45,13.58,12.62,12.88,128415478,0,128415478.00
07/22/2020,15:00,12.38,12.83,11.81,12.38,112264620,0,112264620.00
07/23/2020,15:00,12.59,12.63,11.85,12.15,95231175,0,95231175.00
07/24/2020,15:00,11.38,11.90,10.91,11.82,93428217,0,93428217.00
07/27/2020,15:00,12.03,12.09,11.27,11.69,64070909,0,64070909.00
07/28/2020,15:00,11.48,12.64,11.38,12.27,90079120,0,90079120.00
07/29/2020,15:00,12.65,13.00,12.43,12.70,69554771,0,69554771.00
07/30/2020,15:00,12.62,12.95,12.07,12.20,64954084,0,64954084.00
07/31/2020,15:00,12.41,12.59,11.73,11.94,61813807,0,61813807.00
08/03/2020,15:00,12.53,13.67,12.46,13.60,122936369,0,122936369.00
08/04/2020,15:00,14.46,14.53,13.22,13.64,125732281,0,125732281.00
08/05/2020,15:00,13.41,14.08,13.37,13.92,60375557,0,60375557.00
08/06/2020,15:00,14.10,14.31,13.52,13.84,49801146,0,49801146.00
08/07/2020,15:00,13.54,13.73,13.20,13.42,57745964,0,57745964.00
08/10/2020,15:00,13.94,14.42,13.68,14.21,84281006,0,84281006.00
08/11/2020,15:00,15.30,15.45,12.94,12.99,181322138,0,181322138.00
08/12/2020,15:00,13.37,13.45,12.67,13.36,77471968,0,77471968.00
08/13/2020,15:00,13.45,13.64,13.17,13.36,50094668,0,50094668.00
08/14/2020,15:00,13.18,13.18,12.54,13.10,63251717,0,63251717.00
08/17/2020,15:00,13.07,14.05,13.06,14.05,78340887,0,78340887.00
08/18/2020,15:00,14.23,14.69,13.87,14.30,69963698,0,69963698.00
08/19/2020,15:00,14.29,14.41,13.85,14.06,41974228,0,41974228.00
08/20/2020,15:00,13.85,14.05,13.53,13.78,50072833,0,50072833.00
08/21/2020,15:00,13.64,14.58,13.62,14.12,70189908,0,70189908.00
08/24/2020,15:00,14.63,14.98,14.31,14.97,98721551,0,98721551.00
08/25/2020,15:00,15.08,17.87,15.06,17.84,299058985,0,299058985.00
08/26/2020,15:00,19.01,20.97,18.56,20.44,364106735,0,364106735.00
08/27/2020,15:00,19.99,20.47,18.76,19.88,199866591,0,199866591.00
08/28/2020,15:00,18.87,19.44,18.11,18.50,155242283,0,155242283.00
08/31/2020,15:00,17.19,19.83,16.82,19.03,226615827,0,226615827.00
09/01/2020,15:00,19.45,20.38,18.75,20.12,137650377,0,137650377.00
09/02/2020,15:00,20.92,21.05,18.50,19.90,153476241,0,153476241.00
09/03/2020,15:00,19.09,19.84,18.35,18.70,128364971,0,128364971.00
09/04/2020,15:00,18.54,19.18,15.61,17.98,163335171,0,163335171.00
09/08/2020,15:00,17.17,17.86,16.51,17.03,89626530,0,89626530.00
09/09/2020,15:00,17.90,18.63,17.70,18.09,90993264,0,90993264.00
09/10/2020,15:00,18.49,18.72,17.49,17.74,79681034,0,79681034.00
09/11/2020,15:00,18.00,18.10,17.45,17.97,55374336,0,55374336.00
09/14/2020,15:00,18.18,18.78,17.90,18.73,68240662,0,68240662.00
09/15/2020,15:00,19.10,20.25,18.88,19.19,111631712,0,111631712.00
09/16/2020,15:00,19.27,19.54,18.52,19.01,57849460,0,57849460.00
09/17/2020,15:00,18.26,19.33,18.08,19.30,55187798,0,55187798.00
09/18/2020,15:00,19.72,19.88,18.94,19.41,54885511,0,54885511.00
