"Date","Time","Open","High","Low","Close","Vol","OI","Volume"
09/18/2015,15:00,195.71,197.56,194.96,195.45,223657456,0,0.00
09/21/2015,15:00,196.44,197.68,195.21,196.46,105726209,0,105726209.00
09/22/2015,15:00,193.88,194.46,192.56,193.91,153890876,0,153890876.00
09/23/2015,15:00,194.11,194.67,192.91,193.60,92790620,0,92790620.00
09/24/2015,15:00,192.15,193.45,190.56,192.90,159378840,0,159378840.00
09/25/2015,15:00,194.64,195.00,191.81,192.85,155054777,0,155054777.00
09/28/2015,15:00,191.78,191.91,187.64,188.01,178515871,0,178515871.00
09/29/2015,15:00,188.27,189.74,186.93,188.12,159045572,0,159045572.00
09/30/2015,15:00,190.37,191.83,189.44,191.63,163452044,0,163452044.00
10/01/2015,15:00,192.08,192.49,189.82,192.13,131078964,0,131078964.00
10/02/2015,15:00,189.77,195.03,189.12,195.00,211003342,0,211003342.00
10/05/2015,15:00,196.46,198.74,196.33,198.47,126320842,0,126320842.00
10/06/2015,15:00,198.31,198.98,197.00,197.79,110274530,0,110274530.00
10/07/2015,15:00,198.90,199.83,197.48,199.41,124307295,0,124307295.00
10/08/2015,15:00,198.95,201.55,198.59,201.21,153055231,0,153055231.00
10/09/2015,15:00,201.38,201.90,200.58,201.33,107069240,0,107069240.00
10/12/2015,15:00,201.42,201.76,200.91,201.52,56395585,0,56395585.00
10/13/2015,15:00,200.65,202.16,200.05,200.25,88038718,0,88038718.00
10/14/2015,15:00,200.18,200.87,198.94,199.29,99106161,0,99106161.00
10/15/2015,15:00,200.08,202.36,199.64,202.35,134142195,0,134142195.00
10/16/2015,15:00,202.83,203.29,201.92,203.27,114580052,0,114580052.00
10/19/2015,15:00,202.50,203.37,202.13,203.37,76523897,0,76523897.00
10/20/2015,15:00,202.85,203.84,202.55,203.09,78448484,0,78448484.00
10/21/2015,15:00,203.61,203.79,201.65,201.85,102038033,0,102038033.00
10/22/2015,15:00,202.98,205.51,201.85,205.26,174911723,0,174911723.00
10/23/2015,15:00,207.25,207.95,206.30,207.51,144442340,0,144442340.00
10/26/2015,15:00,207.30,207.37,206.56,207.00,69032965,0,69032965.00
10/27/2015,15:00,206.20,207.00,205.79,206.60,77905770,0,77905770.00
10/28/2015,15:00,207.00,208.98,206.21,208.95,135906725,0,135906725.00
10/29/2015,15:00,208.35,209.27,208.21,208.83,90525498,0,90525498.00
10/30/2015,15:00,209.06,209.44,207.74,207.93,131076942,0,131076942.00
11/02/2015,15:00,208.32,210.62,208.17,210.39,86270811,0,86270811.00
11/03/2015,15:00,209.97,211.66,209.70,211.00,95246052,0,95246052.00
11/04/2015,15:00,211.35,211.50,209.72,210.36,96224477,0,96224477.00
11/05/2015,15:00,210.43,210.98,209.09,210.15,78408744,0,78408744.00
11/06/2015,15:00,209.74,210.32,208.46,210.04,110471473,0,110471473.00
11/09/2015,15:00,209.31,209.49,206.95,208.08,131008660,0,131008660.00
11/10/2015,15:00,207.51,208.60,207.19,208.56,75874602,0,75874602.00
11/11/2015,15:00,208.88,208.94,207.66,207.74,67845971,0,67845971.00
11/12/2015,15:00,206.50,207.06,204.82,204.84,121315200,0,121315200.00
11/13/2015,15:00,204.35,204.67,202.44,202.54,153577050,0,153577050.00
11/16/2015,15:00,202.32,205.69,202.18,205.62,117645231,0,117645231.00
11/17/2015,15:00,205.99,207.04,204.88,205.47,121123744,0,121123744.00
11/18/2015,15:00,206.04,208.90,205.99,208.73,121342544,0,121342544.00
11/19/2015,15:00,208.59,209.05,208.20,208.55,88220465,0,88220465.00
11/20/2015,15:00,209.45,210.12,208.86,209.31,94011519,0,94011519.00
11/23/2015,15:00,209.38,209.98,208.52,209.07,64931172,0,64931172.00
11/24/2015,15:00,207.87,209.83,207.41,209.35,98874365,0,98874365.00
11/25/2015,15:00,209.50,209.74,209.01,209.32,51980062,0,51980062.00
11/27/2015,15:00,209.43,209.80,208.86,209.56,37317779,0,37317779.00
11/30/2015,15:00,209.75,209.89,208.56,208.69,112822700,0,112822700.00
12/01/2015,15:00,209.44,210.82,209.11,210.68,97858418,0,97858418.00
12/02/2015,15:00,210.62,211.00,208.23,208.53,108441259,0,108441259.00
12/03/2015,15:00,208.83,209.15,204.75,205.61,166224154,0,166224154.00
12/04/2015,15:00,206.08,209.97,205.93,209.62,192913879,0,192913879.00
12/07/2015,15:00,209.23,209.73,207.20,208.35,102027111,0,102027111.00
12/08/2015,15:00,206.49,208.29,205.78,206.95,103372367,0,103372367.00
12/09/2015,15:00,206.19,208.68,204.18,205.34,162401537,0,162401537.00
12/10/2015,15:00,205.42,207.43,205.14,205.87,116128884,0,116128884.00
12/11/2015,15:00,203.35,204.14,201.51,201.88,211173305,0,211173305.00
12/14/2015,15:00,202.07,203.05,199.95,202.90,182385177,0,182385177.00
12/15/2015,15:00,204.70,206.11,204.54,205.03,154069569,0,154069569.00
12/16/2015,15:00,206.37,208.39,204.80,208.03,197017008,0,197017008.00
12/17/2015,15:00,208.40,208.48,204.84,204.86,173092476,0,173092476.00
12/18/2015,15:00,202.77,202.93,199.83,200.02,251393535,0,251393535.00
12/21/2015,15:00,201.41,201.88,200.09,201.67,99094290,0,99094290.00
12/22/2015,15:00,202.72,203.85,201.55,203.50,111026246,0,111026246.00
12/23/2015,15:00,204.69,206.07,204.58,206.02,110987228,0,110987228.00
12/24/2015,15:00,205.72,206.33,205.42,205.68,48542150,0,48542150.00
12/28/2015,15:00,204.86,205.26,203.94,205.21,65899939,0,65899939.00
12/29/2015,15:00,206.51,207.79,206.47,207.40,92640672,0,92640672.00
12/30/2015,15:00,207.11,207.21,205.76,205.93,63317679,0,63317679.00
12/31/2015,15:00,205.13,205.89,203.87,203.87,114877859,0,114877859.00
01/04/2016,15:00,200.49,201.03,198.59,201.02,222353534,0,222353534.00
01/05/2016,15:00,201.40,201.90,200.05,201.36,110845849,0,110845849.00
01/06/2016,15:00,198.34,200.06,197.60,198.82,152112604,0,152112604.00
01/07/2016,15:00,195.33,197.44,193.59,194.05,213436073,0,213436073.00
01/08/2016,15:00,195.19,195.85,191.58,191.92,209817228,0,209817228.00
01/11/2016,15:00,193.01,193.41,189.82,192.11,187941323,0,187941323.00
01/12/2016,15:00,193.82,194.55,191.14,193.66,172330490,0,172330490.00
01/13/2016,15:00,194.45,194.86,188.38,188.83,221168886,0,221168886.00
01/14/2016,15:00,189.55,193.26,187.66,191.93,240795609,0,240795609.00
01/15/2016,15:00,186.77,188.76,185.52,187.81,324846447,0,324846447.00
01/19/2016,15:00,189.96,190.11,186.20,188.06,195244373,0,195244373.00
01/20/2016,15:00,185.03,187.50,181.02,185.65,286547839,0,286547839.00
01/21/2016,15:00,186.21,188.87,184.64,186.69,195772941,0,195772941.00
01/22/2016,15:00,189.78,190.76,188.88,190.52,168319598,0,168319598.00
01/25/2016,15:00,189.92,190.15,187.41,187.64,130371686,0,130371686.00
01/26/2016,15:00,188.42,190.53,188.02,190.20,141036757,0,141036757.00
01/27/2016,15:00,189.58,191.56,187.06,188.13,185681707,0,185681707.00
01/28/2016,15:00,189.96,190.20,187.16,189.11,143798780,0,143798780.00
01/29/2016,15:00,190.02,193.88,189.88,193.72,210529336,0,210529336.00
02/01/2016,15:00,192.53,194.58,191.84,193.65,136061564,0,136061564.00
02/02/2016,15:00,191.96,191.97,189.54,190.16,182564890,0,182564890.00
02/03/2016,15:00,191.41,191.78,187.10,191.30,205054934,0,205054934.00
02/04/2016,15:00,190.71,192.75,189.96,191.60,139531794,0,139531794.00
02/05/2016,15:00,190.99,191.67,187.20,187.95,180788308,0,180788308.00
02/08/2016,15:00,185.77,186.12,182.80,185.42,191526694,0,191526694.00
02/09/2016,15:00,183.36,186.94,183.20,185.43,184513136,0,184513136.00
02/10/2016,15:00,186.41,188.34,185.12,185.27,148214057,0,148214057.00
02/11/2016,15:00,182.34,184.10,181.09,182.86,219058885,0,219058885.00
02/12/2016,15:00,184.96,186.65,183.96,186.63,127632393,0,127632393.00
02/16/2016,15:00,188.77,189.81,187.63,189.78,120250668,0,120250668.00
02/17/2016,15:00,191.16,193.32,191.01,192.88,136009496,0,136009496.00
02/18/2016,15:00,193.20,193.27,191.72,192.09,102342997,0,102342997.00
02/19/2016,15:00,191.17,192.18,190.45,192.00,114792988,0,114792988.00
02/22/2016,15:00,193.87,194.95,193.79,194.78,103640292,0,103640292.00
02/23/2016,15:00,194.00,194.32,192.18,192.32,111455289,0,111455289.00
02/24/2016,15:00,190.63,193.53,189.32,193.20,150812152,0,150812152.00
02/25/2016,15:00,193.73,195.55,192.83,195.54,110728317,0,110728317.00
02/26/2016,15:00,196.57,196.68,194.90,195.09,129833663,0,129833663.00
02/29/2016,15:00,195.11,196.23,193.33,193.56,125918102,0,125918102.00
03/01/2016,15:00,195.01,198.21,194.45,198.11,141799687,0,141799687.00
03/02/2016,15:00,197.74,199.06,197.25,199.00,102414960,0,102414960.00
03/03/2016,15:00,198.79,199.80,198.11,199.78,95172197,0,95172197.00
03/04/2016,15:00,200.01,201.35,199.03,200.43,129293601,0,129293601.00
03/07/2016,15:00,199.34,201.07,199.25,200.59,100218998,0,100218998.00
03/08/2016,15:00,199.32,199.92,198.21,198.40,123974866,0,123974866.00
03/09/2016,15:00,199.36,199.79,198.43,199.38,94801213,0,94801213.00
03/10/2016,15:00,199.96,201.07,197.38,199.54,156838697,0,156838697.00
03/11/2016,15:00,201.26,202.81,201.12,202.76,137964528,0,137964528.00
03/14/2016,15:00,202.16,203.04,201.77,202.50,73611974,0,73611974.00
03/15/2016,15:00,201.36,202.53,201.05,202.17,93169090,0,93169090.00
03/16/2016,15:00,201.60,203.82,201.55,203.34,129303179,0,129303179.00
03/17/2016,15:00,203.24,205.23,202.77,204.63,134278505,0,134278505.00
03/18/2016,15:00,204.17,204.78,203.80,204.38,138372404,0,138372404.00
03/21/2016,15:00,204.07,204.94,203.80,204.67,72926659,0,72926659.00
03/22/2016,15:00,203.76,205.23,203.57,204.56,97471939,0,97471939.00
03/23/2016,15:00,204.11,204.33,203.01,203.21,81052455,0,81052455.00
03/24/2016,15:00,202.00,203.16,201.74,203.12,84360853,0,84360853.00
03/28/2016,15:00,203.61,203.86,202.71,203.24,62408185,0,62408185.00
03/29/2016,15:00,202.76,205.25,202.40,205.12,92922863,0,92922863.00
03/30/2016,15:00,206.30,206.87,205.59,206.02,86365310,0,86365310.00
03/31/2016,15:00,205.91,206.41,205.33,205.52,94584110,0,94584110.00
04/01/2016,15:00,204.35,207.14,203.98,206.92,114423478,0,114423478.00
04/04/2016,15:00,206.83,207.07,205.89,206.25,63496969,0,63496969.00
04/05/2016,15:00,204.67,205.26,203.89,204.19,99662158,0,99662158.00
04/06/2016,15:00,204.29,206.49,203.98,206.42,91839761,0,91839761.00
04/07/2016,15:00,205.14,205.56,203.09,203.95,113859037,0,113859037.00
04/08/2016,15:00,205.34,205.85,203.87,204.50,95040598,0,95040598.00
04/11/2016,15:00,205.25,206.07,203.91,204.02,83757486,0,83757486.00
04/12/2016,15:00,204.22,206.25,203.70,205.92,115350567,0,115350567.00
04/13/2016,15:00,207.00,208.10,206.84,208.00,96336433,0,96336433.00
04/14/2016,15:00,208.07,208.60,207.60,208.01,65212883,0,65212883.00
04/15/2016,15:00,208.01,208.17,207.40,207.78,75761615,0,75761615.00
04/18/2016,15:00,207.14,209.28,207.00,209.24,82530960,0,82530960.00
04/19/2016,15:00,209.74,210.20,208.94,209.90,88316060,0,88316060.00
04/20/2016,15:00,209.95,210.92,209.39,210.10,81100314,0,81100314.00
04/21/2016,15:00,210.12,210.25,208.65,208.97,85695041,0,85695041.00
04/22/2016,15:00,208.55,209.29,207.91,208.97,99251724,0,99251724.00
04/25/2016,15:00,208.26,208.66,207.54,208.61,66166494,0,66166494.00
04/26/2016,15:00,209.04,209.52,208.36,208.92,75864174,0,75864174.00
04/27/2016,15:00,208.47,209.81,208.05,209.35,77329437,0,77329437.00
04/28/2016,15:00,208.46,209.76,206.96,207.45,97216169,0,97216169.00
04/29/2016,15:00,206.72,207.13,205.03,206.33,142424137,0,142424137.00
05/02/2016,15:00,206.92,208.18,206.41,207.97,62188015,0,62188015.00
05/03/2016,15:00,206.52,206.80,205.28,206.16,106422142,0,106422142.00
05/04/2016,15:00,204.99,205.85,204.42,205.01,92243810,0,92243810.00
05/05/2016,15:00,205.56,205.98,204.47,204.97,67619222,0,67619222.00
05/06/2016,15:00,204.06,205.77,203.88,205.72,89315004,0,89315004.00
05/09/2016,15:00,205.57,206.40,205.36,205.89,74374922,0,74374922.00
05/10/2016,15:00,206.72,208.50,206.64,208.45,77472207,0,77472207.00
05/11/2016,15:00,207.91,208.54,206.50,206.50,81726989,0,81726989.00
05/12/2016,15:00,207.29,207.49,205.37,206.56,89586308,0,89586308.00
05/13/2016,15:00,206.21,206.86,204.38,204.76,96474630,0,96474630.00
05/16/2016,15:00,204.96,207.34,204.89,206.78,77486827,0,77486827.00
05/17/2016,15:00,206.46,206.80,204.23,204.85,114924940,0,114924940.00
05/18/2016,15:00,204.44,206.30,203.63,204.91,123493379,0,123493379.00
05/19/2016,15:00,204.06,204.54,202.78,204.20,115430507,0,115430507.00
05/20/2016,15:00,204.92,206.10,204.86,205.49,104990408,0,104990408.00
05/23/2016,15:00,205.51,205.84,204.99,205.21,58682576,0,58682576.00
05/24/2016,15:00,206.17,208.24,206.14,207.87,93537808,0,93537808.00
05/25/2016,15:00,208.67,209.77,208.62,209.28,79221525,0,79221525.00
05/26/2016,15:00,209.44,209.71,208.97,209.34,55280699,0,55280699.00
05/27/2016,15:00,209.53,210.25,209.47,210.24,64211214,0,64211214.00
05/31/2016,15:00,210.56,210.69,209.18,209.84,109879380,0,109879380.00
06/01/2016,15:00,209.12,210.48,208.89,210.27,69936215,0,69936215.00
06/02/2016,15:00,209.80,210.93,209.24,210.91,63044749,0,63044749.00
06/03/2016,15:00,210.25,210.69,208.86,210.28,101757126,0,101757126.00
06/06/2016,15:00,210.70,211.77,210.51,211.35,64887045,0,64887045.00
06/07/2016,15:00,211.53,212.34,211.50,211.68,60974761,0,60974761.00
06/08/2016,15:00,211.84,212.52,211.69,212.37,66170920,0,66170920.00
06/09/2016,15:00,211.51,212.22,211.19,212.08,73786869,0,73786869.00
06/10/2016,15:00,210.46,210.86,209.43,210.07,113829158,0,113829158.00
06/13/2016,15:00,209.36,210.37,208.35,208.45,117751153,0,117751153.00
06/14/2016,15:00,208.00,208.74,206.92,208.04,125059286,0,125059286.00
06/15/2016,15:00,208.54,209.23,207.53,207.75,109124496,0,109124496.00
06/16/2016,15:00,206.73,208.57,205.59,208.37,149533065,0,149533065.00
06/17/2016,15:00,207.17,207.20,205.75,206.52,117055748,0,117055748.00
06/20/2016,15:00,208.82,209.61,207.75,207.85,82789603,0,82789603.00
06/21/2016,15:00,208.30,208.92,207.78,208.44,72461663,0,72461663.00
06/22/2016,15:00,208.65,209.50,207.93,208.10,95560471,0,95560471.00
06/23/2016,15:00,209.81,210.87,209.27,210.81,102731356,0,102731356.00
06/24/2016,15:00,203.63,206.91,202.72,203.13,333444397,0,333444397.00
06/27/2016,15:00,201.59,201.60,198.65,199.60,248988660,0,248988660.00
06/28/2016,15:00,201.48,203.23,201.12,203.20,159382399,0,159382399.00
06/29/2016,15:00,204.84,206.93,204.72,206.66,137328614,0,137328614.00
06/30/2016,15:00,207.21,209.54,206.56,209.48,165021948,0,165021948.00
07/01/2016,15:00,209.36,210.49,209.29,209.92,106055333,0,106055333.00
07/05/2016,15:00,208.95,209.08,207.71,208.41,109803713,0,109803713.00
07/06/2016,15:00,207.83,209.80,207.06,209.66,96021491,0,96021491.00
07/07/2016,15:00,209.87,210.65,208.63,209.53,85593827,0,85593827.00
07/08/2016,15:00,211.05,212.94,210.78,212.65,133970972,0,133970972.00
07/11/2016,15:00,213.19,214.07,212.95,213.40,73633937,0,73633937.00
07/12/2016,15:00,214.53,215.30,214.25,214.95,101275629,0,101275629.00
07/13/2016,15:00,215.44,215.45,214.35,214.92,87324129,0,87324129.00
07/14/2016,15:00,216.40,216.67,215.66,216.12,91230870,0,91230870.00
07/15/2016,15:00,216.78,216.82,215.31,215.83,107155401,0,107155401.00
07/18/2016,15:00,215.97,216.60,215.67,216.41,58725918,0,58725918.00
07/19/2016,15:00,215.92,216.23,215.63,216.19,54345728,0,54345728.00
07/20/2016,15:00,216.75,217.37,216.24,217.09,58159457,0,58159457.00
07/21/2016,15:00,216.96,217.22,215.75,216.27,67777310,0,67777310.00
07/22/2016,15:00,216.41,217.30,216.10,217.24,62787477,0,62787477.00
07/25/2016,15:00,217.00,217.06,215.97,216.65,55873147,0,55873147.00
07/26/2016,15:00,216.53,217.17,215.76,216.75,70080493,0,70080493.00
07/27/2016,15:00,217.19,217.27,215.62,216.52,84083893,0,84083893.00
07/28/2016,15:00,216.29,217.11,215.75,216.77,65035718,0,65035718.00
07/29/2016,15:00,216.46,217.54,216.13,217.12,79519436,0,79519436.00
08/01/2016,15:00,217.19,217.65,216.41,216.94,73311422,0,73311422.00
08/02/2016,15:00,216.65,216.83,214.57,215.55,92295506,0,92295506.00
08/03/2016,15:00,215.48,216.25,215.13,216.18,53993626,0,53993626.00
08/04/2016,15:00,216.31,216.78,215.83,216.41,46585528,0,46585528.00
08/05/2016,15:00,217.21,218.23,217.07,218.18,71892161,0,71892161.00
08/08/2016,15:00,218.40,218.52,217.74,218.05,39906479,0,39906479.00
08/09/2016,15:00,218.13,218.76,217.80,218.18,51251728,0,51251728.00
08/10/2016,15:00,218.31,218.40,217.23,217.64,57941092,0,57941092.00
08/11/2016,15:00,218.26,218.94,217.95,218.65,72504270,0,72504270.00
08/12/2016,15:00,218.29,218.71,217.99,218.46,61313544,0,61313544.00
08/15/2016,15:00,218.89,219.50,218.88,219.09,49813482,0,49813482.00
08/16/2016,15:00,218.60,218.68,217.96,217.96,53213621,0,53213621.00
08/17/2016,15:00,218.00,218.53,217.02,218.37,75134339,0,75134339.00
08/18/2016,15:00,218.34,218.90,218.21,218.86,52989266,0,52989266.00
08/19/2016,15:00,218.31,218.75,217.74,218.54,75443004,0,75443004.00
08/22/2016,15:00,218.26,218.80,217.83,218.53,61368766,0,61368766.00
08/23/2016,15:00,219.25,219.60,218.90,218.97,53399159,0,53399159.00
08/24/2016,15:00,218.80,218.91,217.36,217.85,71728949,0,71728949.00
08/25/2016,15:00,217.40,218.19,217.22,217.70,69224776,0,69224776.00
08/26/2016,15:00,217.92,219.12,216.25,217.29,122506348,0,122506348.00
08/29/2016,15:00,217.44,218.67,217.40,218.36,70502167,0,70502167.00
08/30/2016,15:00,218.26,218.59,217.35,218.00,58114543,0,58114543.00
08/31/2016,15:00,217.61,217.75,216.47,217.38,85269453,0,85269453.00
09/01/2016,15:00,217.37,217.73,216.03,217.39,97844207,0,97844207.00
09/02/2016,15:00,218.39,218.87,217.70,218.37,79293856,0,79293856.00
09/06/2016,15:00,218.70,219.12,217.86,219.03,56702089,0,56702089.00
09/07/2016,15:00,218.84,219.22,218.30,219.01,76554855,0,76554855.00
09/08/2016,15:00,218.62,218.94,218.15,218.51,74102880,0,74102880.00
09/09/2016,15:00,216.97,217.03,213.25,213.28,221589073,0,221589073.00
09/12/2016,15:00,212.39,216.81,212.31,216.34,168110913,0,168110913.00
09/13/2016,15:00,214.84,215.15,212.50,213.23,182828839,0,182828839.00
09/14/2016,15:00,213.29,214.70,212.50,213.15,134185491,0,134185491.00
09/15/2016,15:00,212.96,215.73,212.75,215.28,145736123,0,145736123.00
09/16/2016,15:00,213.48,213.69,212.57,213.37,155236354,0,155236354.00
09/19/2016,15:00,214.13,214.88,213.03,213.41,80250490,0,80250490.00
09/20/2016,15:00,214.41,214.59,213.38,213.42,69665279,0,69665279.00
09/21/2016,15:00,214.24,216.03,213.44,215.82,110284425,0,110284425.00
09/22/2016,15:00,217.00,217.53,216.71,217.18,76678713,0,76678713.00
09/23/2016,15:00,216.72,216.88,215.88,215.99,73630921,0,73630921.00
09/26/2016,15:00,215.02,215.23,214.01,214.24,89827305,0,89827305.00
09/27/2016,15:00,214.05,215.68,213.62,215.57,78494829,0,78494829.00
09/28/2016,15:00,215.83,216.82,214.71,216.64,87411015,0,87411015.00
09/29/2016,15:00,216.40,216.87,214.04,214.68,128070615,0,128070615.00
09/30/2016,15:00,215.65,217.12,215.36,216.30,117202914,0,117202914.00
10/03/2016,15:00,215.82,216.04,215.04,215.78,83512057,0,83512057.00
10/04/2016,15:00,215.91,216.17,213.99,214.68,119948052,0,119948052.00
10/05/2016,15:00,215.41,216.13,215.33,215.63,72815963,0,72815963.00
10/06/2016,15:00,215.37,216.04,214.74,215.78,62927376,0,62927376.00
10/07/2016,15:00,216.10,216.30,214.19,215.04,89788255,0,89788255.00
10/10/2016,15:00,216.16,216.70,215.99,216.16,51855023,0,51855023.00
10/11/2016,15:00,215.66,215.74,212.58,213.43,130367373,0,130367373.00
10/12/2016,15:00,213.59,214.32,213.01,213.71,73866117,0,73866117.00
10/13/2016,15:00,212.16,213.59,211.21,213.01,101356960,0,101356960.00
10/14/2016,15:00,214.15,214.69,213.03,213.12,93346237,0,93346237.00
10/17/2016,15:00,213.09,213.39,212.17,212.38,58275674,0,58275674.00
10/18/2016,15:00,214.24,214.31,213.27,213.71,76869656,0,76869656.00
10/19/2016,15:00,214.02,214.64,213.60,214.28,66519224,0,66519224.00
10/20/2016,15:00,213.87,214.53,213.11,213.88,73639830,0,73639830.00
10/21/2016,15:00,212.96,214.08,212.76,213.98,89089092,0,89089092.00
10/24/2016,15:00,215.00,215.32,214.48,214.89,60146592,0,60146592.00
10/25/2016,15:00,214.68,214.98,213.98,214.17,66542329,0,66542329.00
10/26/2016,15:00,213.21,214.42,212.93,213.74,75705478,0,75705478.00
10/27/2016,15:00,214.58,214.62,213.08,213.17,77220213,0,77220213.00
10/28/2016,15:00,213.14,213.93,211.71,212.54,140623183,0,140623183.00
10/31/2016,15:00,212.93,213.19,212.36,212.55,63651577,0,63651577.00
11/01/2016,15:00,212.93,212.99,209.60,211.01,122781818,0,122781818.00
11/02/2016,15:00,210.65,211.10,209.23,209.74,103330806,0,103330806.00
11/03/2016,15:00,209.99,210.24,208.46,208.78,88939346,0,88939346.00
11/04/2016,15:00,208.91,209.89,208.38,208.55,109122059,0,109122059.00
11/07/2016,15:00,211.45,213.19,211.30,213.15,113108555,0,113108555.00
11/08/2016,15:00,212.69,214.77,212.38,214.11,106772138,0,106772138.00
11/09/2016,15:00,212.37,217.10,212.34,216.38,258428972,0,258428972.00
11/10/2016,15:00,217.30,218.31,215.22,216.92,172113313,0,172113313.00
11/11/2016,15:00,216.08,216.70,215.32,216.42,100552732,0,100552732.00
11/14/2016,15:00,217.03,217.27,215.72,216.59,94579982,0,94579982.00
11/15/2016,15:00,217.04,218.28,216.80,218.28,91652580,0,91652580.00
11/16/2016,15:00,217.56,218.14,217.42,217.87,65617697,0,65617697.00
11/17/2016,15:00,218.05,219.06,217.92,218.99,69797191,0,69797191.00
11/18/2016,15:00,219.07,219.27,218.29,218.50,86265751,0,86265751.00
11/21/2016,15:00,219.17,220.18,219.00,220.15,72402638,0,72402638.00
11/22/2016,15:00,220.51,220.79,219.73,220.58,67428957,0,67428957.00
11/23/2016,15:00,219.98,220.76,219.75,220.70,56620237,0,56620237.00
11/25/2016,15:00,221.10,221.83,221.01,221.52,37872255,0,37872255.00
11/28/2016,15:00,221.16,221.48,220.36,220.48,76572511,0,76572511.00
11/29/2016,15:00,220.52,221.44,220.17,220.91,71490791,0,71490791.00
11/30/2016,15:00,221.63,221.82,220.31,220.38,115816149,0,115816149.00
12/01/2016,15:00,220.73,220.73,219.15,219.57,79040487,0,79040487.00
12/02/2016,15:00,219.67,220.25,219.26,219.68,74840347,0,74840347.00
12/05/2016,15:00,220.65,221.40,220.42,221.00,67837821,0,67837821.00
12/06/2016,15:00,221.22,221.74,220.66,221.70,59877377,0,59877377.00
12/07/2016,15:00,221.52,224.67,221.38,224.60,110738050,0,110738050.00
12/08/2016,15:00,224.57,225.70,224.26,225.15,99714387,0,99714387.00
12/09/2016,15:00,225.41,226.53,225.37,226.51,89660773,0,89660773.00
12/12/2016,15:00,226.40,226.96,225.76,226.25,102016125,0,102016125.00
12/13/2016,15:00,227.02,228.34,227.00,227.76,110477485,0,110477485.00
12/14/2016,15:00,227.41,228.23,225.37,225.88,145504921,0,145504921.00
12/15/2016,15:00,226.16,227.81,225.89,226.81,124972554,0,124972554.00
12/16/2016,15:00,226.01,226.08,224.67,225.04,156420152,0,156420152.00
12/19/2016,15:00,225.25,226.02,225.08,225.53,90341147,0,90341147.00
12/20/2016,15:00,226.15,226.57,225.88,226.40,89838810,0,89838810.00
12/21/2016,15:00,226.25,226.45,225.77,225.77,67909039,0,67909039.00
12/22/2016,15:00,225.60,225.74,224.92,225.38,56219071,0,56219071.00
12/23/2016,15:00,225.43,225.72,225.21,225.71,36697822,0,36697822.00
12/27/2016,15:00,226.02,226.73,226.00,226.27,42672487,0,42672487.00
12/28/2016,15:00,226.57,226.59,224.27,224.40,64095014,0,64095014.00
12/29/2016,15:00,224.48,224.89,223.84,224.35,48696080,0,48696080.00
12/30/2016,15:00,224.73,224.83,222.73,223.53,108998328,0,108998328.00
01/03/2017,15:00,225.04,225.83,223.88,225.24,91366522,0,91366522.00
01/04/2017,15:00,225.62,226.75,225.61,226.58,78744433,0,78744433.00
01/05/2017,15:00,226.27,226.58,225.48,226.40,78379012,0,78379012.00
01/06/2017,15:00,226.53,227.75,225.90,227.21,71559922,0,71559922.00
01/09/2017,15:00,226.91,227.07,226.42,226.46,46939676,0,46939676.00
01/10/2017,15:00,226.48,227.45,226.01,226.46,63771939,0,63771939.00
01/11/2017,15:00,226.36,227.10,225.59,227.10,74650016,0,74650016.00
01/12/2017,15:00,226.50,226.75,224.96,226.53,72113181,0,72113181.00
01/13/2017,15:00,226.73,227.40,226.69,227.05,62717865,0,62717865.00
01/17/2017,15:00,226.31,226.78,225.80,226.25,61240814,0,61240814.00
01/18/2017,15:00,226.54,226.80,225.90,226.75,54793302,0,54793302.00
01/19/2017,15:00,226.84,227.00,225.41,225.91,66608787,0,66608787.00
01/20/2017,15:00,226.70,227.31,225.97,226.74,129168623,0,129168623.00
01/23/2017,15:00,226.35,226.81,225.27,226.15,75061645,0,75061645.00
01/24/2017,15:00,226.40,228.08,226.27,227.60,95555295,0,95555295.00
01/25/2017,15:00,228.70,229.57,228.51,229.57,84437712,0,84437712.00
01/26/2017,15:00,229.40,229.71,229.01,229.33,59970719,0,59970719.00
01/27/2017,15:00,229.42,229.59,228.76,228.97,59711118,0,59711118.00
01/30/2017,15:00,228.17,228.20,226.41,227.55,79737252,0,79737252.00
01/31/2017,15:00,226.98,227.60,226.32,227.53,75880805,0,75880805.00
02/01/2017,15:00,228.26,228.59,226.94,227.62,79117651,0,79117651.00
02/02/2017,15:00,227.20,228.10,226.82,227.77,69657560,0,69657560.00
02/03/2017,15:00,228.82,229.55,228.46,229.34,80563168,0,80563168.00
02/06/2017,15:00,228.87,229.33,228.54,228.93,57790108,0,57790108.00
02/07/2017,15:00,229.38,229.66,228.72,228.94,57931151,0,57931151.00
02/08/2017,15:00,228.61,229.39,228.31,229.24,51566218,0,51566218.00
02/09/2017,15:00,229.56,230.95,229.52,230.60,65955245,0,65955245.00
02/10/2017,15:00,231.00,231.77,230.62,231.51,66015892,0,66015892.00
02/13/2017,15:00,232.08,233.07,232.05,232.77,55182050,0,55182050.00
02/14/2017,15:00,232.56,233.71,232.16,233.70,71108983,0,71108983.00
02/15/2017,15:00,233.45,235.14,233.39,234.92,86785826,0,86785826.00
02/16/2017,15:00,234.96,235.16,233.85,234.72,86311625,0,86311625.00
02/17/2017,15:00,233.95,235.09,233.93,235.09,77204104,0,77204104.00
02/21/2017,15:00,235.52,236.69,235.51,236.49,88946051,0,88946051.00
02/22/2017,15:00,236.02,236.54,235.83,236.28,62115185,0,62115185.00
02/23/2017,15:00,236.88,236.90,235.56,236.44,74615902,0,74615902.00
02/24/2017,15:00,235.45,236.79,235.41,236.74,82381612,0,82381612.00
02/27/2017,15:00,236.64,237.31,236.35,237.11,56515440,0,56515440.00
02/28/2017,15:00,236.67,236.95,236.02,236.47,96961938,0,96961938.00
03/01/2017,15:00,238.39,240.32,238.37,239.78,149158170,0,149158170.00
03/02/2017,15:00,239.56,239.57,238.21,238.27,70245978,0,70245978.00
03/03/2017,15:00,238.17,238.61,237.73,238.42,81974300,0,81974300.00
03/06/2017,15:00,237.50,238.12,237.01,237.71,55391533,0,55391533.00
03/07/2017,15:00,237.36,237.77,236.76,237.00,65103737,0,65103737.00
03/08/2017,15:00,237.34,237.64,236.40,236.56,78168795,0,78168795.00
03/09/2017,15:00,236.70,237.24,235.74,236.86,99161472,0,99161472.00
03/10/2017,15:00,237.97,238.02,236.59,237.69,81991652,0,81991652.00
03/13/2017,15:00,237.62,237.86,237.24,237.81,57256824,0,57256824.00
03/14/2017,15:00,237.18,237.24,236.19,236.90,59880778,0,59880778.00
03/15/2017,15:00,237.56,239.44,237.29,238.95,96081750,0,96081750.00
03/16/2017,15:00,239.11,239.20,238.10,238.48,79291088,0,79291088.00
03/17/2017,15:00,237.75,237.97,237.03,237.03,89002111,0,89002111.00
03/20/2017,15:00,237.03,237.36,236.32,236.77,52536979,0,52536979.00
03/21/2017,15:00,237.47,237.61,233.58,233.73,133312278,0,133312278.00
03/22/2017,15:00,233.77,234.61,233.05,234.28,97569204,0,97569204.00
03/23/2017,15:00,234.00,235.34,233.60,234.03,100410277,0,100410277.00
03/24/2017,15:00,234.38,235.04,232.96,233.86,112504853,0,112504853.00
03/27/2017,15:00,231.93,233.92,231.61,233.62,87454452,0,87454452.00
03/28/2017,15:00,233.27,235.81,233.14,235.32,93483915,0,93483915.00
03/29/2017,15:00,234.99,235.81,234.73,235.54,61950354,0,61950354.00
03/30/2017,15:00,235.47,236.52,235.27,236.29,56737890,0,56737890.00
03/31/2017,15:00,235.90,236.51,235.68,235.74,73733094,0,73733094.00
04/03/2017,15:00,235.80,236.03,233.91,235.33,85546486,0,85546486.00
04/04/2017,15:00,235.00,235.58,234.56,235.48,56466195,0,56466195.00
04/05/2017,15:00,236.26,237.39,234.54,234.78,108800604,0,108800604.00
04/06/2017,15:00,234.94,236.04,234.43,235.44,69135757,0,69135757.00
04/07/2017,15:00,235.15,236.00,234.64,235.20,74412311,0,74412311.00
04/10/2017,15:00,235.36,236.26,234.73,235.34,67615302,0,67615302.00
04/11/2017,15:00,234.90,235.18,233.34,235.06,88045276,0,88045276.00
04/12/2017,15:00,234.74,234.96,233.77,234.03,81864436,0,81864436.00
04/13/2017,15:00,233.64,234.49,232.51,232.51,92880394,0,92880394.00
04/17/2017,15:00,233.11,234.57,232.88,234.57,68405367,0,68405367.00
04/18/2017,15:00,233.72,234.49,233.08,233.87,83225821,0,83225821.00
04/19/2017,15:00,234.52,234.95,233.18,233.44,68699868,0,68699868.00
04/20/2017,15:00,234.15,235.85,233.78,235.34,92572186,0,92572186.00
04/21/2017,15:00,235.25,235.31,234.13,234.59,110389847,0,110389847.00
04/24/2017,15:00,237.18,237.41,236.61,237.17,119209877,0,119209877.00
04/25/2017,15:00,237.91,238.95,237.81,238.55,76698265,0,76698265.00
04/26/2017,15:00,238.51,239.53,238.35,238.40,84702455,0,84702455.00
04/27/2017,15:00,238.77,238.95,237.98,238.60,57410326,0,57410326.00
04/28/2017,15:00,238.90,238.93,237.93,238.08,63532845,0,63532845.00
05/01/2017,15:00,238.68,239.17,238.20,238.68,66882521,0,66882521.00
05/02/2017,15:00,238.84,238.98,238.30,238.77,57375732,0,57375732.00
05/03/2017,15:00,238.29,238.88,237.70,238.48,73137731,0,73137731.00
05/04/2017,15:00,238.83,238.92,237.78,238.76,61462732,0,61462732.00
05/05/2017,15:00,239.19,239.72,238.68,239.70,62001269,0,62001269.00
05/08/2017,15:00,239.75,239.92,239.17,239.66,48385730,0,48385730.00
05/09/2017,15:00,239.96,240.19,239.04,239.44,51363200,0,51363200.00
05/10/2017,15:00,239.39,239.87,239.15,239.87,54293799,0,54293799.00
05/11/2017,15:00,239.35,239.57,238.13,239.38,62358346,0,62358346.00
05/12/2017,15:00,239.09,239.43,238.67,238.98,53912730,0,53912730.00
05/15/2017,15:00,239.47,240.44,239.45,240.30,63446859,0,63446859.00
05/16/2017,15:00,240.64,240.67,239.63,240.08,51241791,0,51241791.00
05/17/2017,15:00,238.10,238.64,235.75,235.82,172174107,0,172174107.00
05/18/2017,15:00,235.73,237.75,235.43,236.77,110879722,0,110879722.00
05/19/2017,15:00,237.33,239.08,237.27,238.31,116210889,0,116210889.00
05/22/2017,15:00,238.90,239.71,238.82,239.52,61010602,0,61010602.00
05/23/2017,15:00,239.95,240.24,239.51,240.05,48341683,0,48341683.00
05/24/2017,15:00,240.32,240.73,239.93,240.61,50642551,0,50642551.00
05/25/2017,15:00,241.20,242.08,240.96,241.76,64071661,0,64071661.00
05/26/2017,15:00,241.54,241.90,241.45,241.71,48887340,0,48887340.00
05/30/2017,15:00,241.34,241.79,241.16,241.50,35201897,0,35201897.00
05/31/2017,15:00,241.84,241.88,240.64,241.44,94966212,0,94966212.00
06/01/2017,15:00,241.97,243.38,241.64,243.36,72891798,0,72891798.00
06/02/2017,15:00,243.42,244.35,243.08,244.17,91002018,0,91002018.00
06/05/2017,15:00,243.97,244.30,243.76,243.99,47779122,0,47779122.00
06/06/2017,15:00,243.34,243.98,243.12,243.21,50375430,0,50375430.00
06/07/2017,15:00,243.60,243.92,242.83,243.66,54144311,0,54144311.00
06/08/2017,15:00,243.77,244.33,243.17,243.78,65950691,0,65950691.00
06/09/2017,15:00,244.09,245.01,241.95,243.41,132256362,0,132256362.00
06/12/2017,15:00,243.13,243.42,242.38,243.36,87325438,0,87325438.00
06/13/2017,15:00,243.98,244.61,243.58,244.55,60066953,0,60066953.00
06/14/2017,15:00,244.86,244.87,243.29,244.24,78602311,0,78602311.00
06/15/2017,15:00,242.68,243.91,242.36,243.77,66464888,0,66464888.00
06/16/2017,15:00,242.77,242.83,241.63,242.64,84553097,0,84553097.00
06/19/2017,15:00,243.59,244.73,243.48,244.66,65123802,0,65123802.00
06/20/2017,15:00,244.25,244.26,242.99,243.01,56906368,0,56906368.00
06/21/2017,15:00,243.42,243.59,242.41,242.95,55977569,0,55977569.00
06/22/2017,15:00,242.96,243.53,242.64,242.84,44148059,0,44148059.00
06/23/2017,15:00,242.91,243.51,242.47,243.13,72566037,0,72566037.00
06/26/2017,15:00,243.90,244.38,243.05,243.29,56700477,0,56700477.00
06/27/2017,15:00,243.04,243.38,241.31,241.33,82247666,0,82247666.00
06/28/2017,15:00,242.50,243.72,242.23,243.49,73757971,0,73757971.00
06/29/2017,15:00,243.66,243.72,239.96,241.35,106949719,0,106949719.00
06/30/2017,15:00,242.28,242.71,241.58,241.80,86820694,0,86820694.00
07/03/2017,15:00,242.88,243.38,242.21,242.21,39153806,0,39153806.00
07/05/2017,15:00,242.63,243.01,241.70,242.77,54427596,0,54427596.00
07/06/2017,15:00,241.89,242.03,240.34,240.55,66115317,0,66115317.00
07/07/2017,15:00,241.21,242.28,240.56,242.11,60645095,0,60645095.00
07/10/2017,15:00,241.95,242.80,241.76,242.37,37481986,0,37481986.00
07/11/2017,15:00,242.16,242.55,240.85,242.19,50354614,0,50354614.00
07/12/2017,15:00,243.30,244.20,243.30,244.01,59610405,0,59610405.00
07/13/2017,15:00,244.02,244.55,243.76,244.42,39471637,0,39471637.00
07/14/2017,15:00,244.43,245.97,244.31,245.56,63471744,0,63471744.00
07/17/2017,15:00,245.47,245.91,245.33,245.53,34522469,0,34522469.00
07/18/2017,15:00,245.06,245.72,244.67,245.66,42742498,0,42742498.00
07/19/2017,15:00,246.02,247.00,246.01,246.99,54257014,0,54257014.00
07/20/2017,15:00,247.28,247.42,246.47,247.10,47135183,0,47135183.00
07/21/2017,15:00,246.44,246.91,246.18,246.88,88711019,0,88711019.00
07/24/2017,15:00,246.79,246.98,246.28,246.82,46622256,0,46622256.00
07/25/2017,15:00,247.68,247.80,247.16,247.42,54915591,0,54915591.00
07/26/2017,15:00,247.75,247.79,247.13,247.43,47575422,0,47575422.00
07/27/2017,15:00,247.96,248.00,245.68,247.20,70766568,0,70766568.00
07/28/2017,15:00,246.65,247.06,246.13,246.91,52449919,0,52449919.00
07/31/2017,15:00,247.37,247.48,246.53,246.77,67852690,0,67852690.00
08/01/2017,15:00,247.46,247.50,246.72,247.32,55050401,0,55050401.00
08/02/2017,15:00,247.47,247.60,246.37,247.44,48951430,0,48951430.00
08/03/2017,15:00,247.31,247.34,246.64,246.96,40855997,0,40855997.00
08/04/2017,15:00,247.52,247.79,246.97,247.41,60191838,0,60191838.00
08/07/2017,15:00,247.49,247.87,247.37,247.87,31995021,0,31995021.00
08/08/2017,15:00,247.51,248.91,246.83,247.26,61719353,0,61719353.00
08/09/2017,15:00,246.47,247.31,246.06,247.25,62632619,0,62632619.00
08/10/2017,15:00,246.29,246.44,243.70,243.76,120479470,0,120479470.00
08/11/2017,15:00,244.02,244.80,243.75,244.12,76711665,0,76711665.00
08/14/2017,15:00,245.59,246.79,245.55,246.54,73291919,0,73291919.00
08/15/2017,15:00,246.98,247.00,246.16,246.51,55242746,0,55242746.00
08/16/2017,15:00,247.11,247.57,246.45,246.94,56715544,0,56715544.00
08/17/2017,15:00,246.24,246.60,243.09,243.09,128490396,0,128490396.00
08/18/2017,15:00,242.90,244.19,242.20,242.71,136747986,0,136747986.00
08/21/2017,15:00,242.64,243.20,241.83,242.90,65469736,0,65469736.00
08/22/2017,15:00,243.57,245.62,243.55,245.44,63140101,0,63140101.00
08/23/2017,15:00,244.33,245.05,244.16,244.56,50203837,0,50203837.00
08/24/2017,15:00,245.00,245.18,243.75,243.99,50741671,0,50741671.00
08/25/2017,15:00,244.90,245.61,244.39,244.56,64445912,0,64445912.00
08/28/2017,15:00,245.17,245.20,244.09,244.57,40565606,0,40565606.00
08/29/2017,15:00,243.06,245.15,242.93,244.85,51135715,0,51135715.00
08/30/2017,15:00,244.83,246.32,244.62,246.01,62030805,0,62030805.00
08/31/2017,15:00,246.72,247.77,246.05,247.49,103803880,0,103803880.00
09/01/2017,15:00,247.93,248.33,247.67,247.84,62006989,0,62006989.00
09/05/2017,15:00,247.26,247.52,244.95,246.06,91398777,0,91398777.00
09/06/2017,15:00,246.84,247.28,246.23,246.90,57916867,0,57916867.00
09/07/2017,15:00,247.25,247.27,246.40,246.87,58034730,0,58034730.00
09/08/2017,15:00,246.54,247.11,246.30,246.58,63832825,0,63832825.00
09/11/2017,15:00,248.04,249.30,248.02,249.21,71364848,0,71364848.00
09/12/2017,15:00,249.63,250.09,249.42,250.05,56896027,0,56896027.00
09/13/2017,15:00,249.72,250.21,249.59,250.17,59228002,0,59228002.00
09/14/2017,15:00,249.80,250.32,249.60,250.09,95446349,0,95446349.00
09/15/2017,15:00,248.70,249.29,248.57,249.19,95432382,0,95432382.00
09/18/2017,15:00,249.61,250.12,249.28,249.72,46235238,0,46235238.00
09/19/2017,15:00,250.00,250.07,249.60,249.97,47108148,0,47108148.00
09/20/2017,15:00,250.07,250.19,248.92,250.06,59574083,0,59574083.00
09/21/2017,15:00,249.88,249.98,249.19,249.39,48211398,0,48211398.00
09/22/2017,15:00,249.05,249.63,249.02,249.44,51214032,0,51214032.00
09/25/2017,15:00,249.15,249.55,248.08,248.93,57064357,0,57064357.00
09/26/2017,15:00,249.45,249.70,248.81,249.08,54081959,0,54081959.00
09/27/2017,15:00,249.88,250.49,248.87,250.05,81001426,0,81001426.00
09/28/2017,15:00,249.73,250.44,249.63,250.35,44778841,0,44778841.00
09/29/2017,15:00,250.34,251.32,250.13,251.23,85578002,0,85578002.00
10/02/2017,15:00,251.49,252.32,251.29,252.32,59022985,0,59022985.00
10/03/2017,15:00,252.46,252.89,252.23,252.86,66810169,0,66810169.00
10/04/2017,15:00,252.69,253.44,252.56,253.16,55953619,0,55953619.00
10/05/2017,15:00,253.54,254.68,253.20,254.66,63522757,0,63522757.00
10/06/2017,15:00,254.15,254.70,253.85,254.37,80645998,0,80645998.00
10/09/2017,15:00,254.63,254.70,253.65,253.95,35803138,0,35803138.00
10/10/2017,15:00,254.60,255.05,253.98,254.62,43057363,0,43057363.00
10/11/2017,15:00,254.51,255.02,254.32,255.02,47674325,0,47674325.00
10/12/2017,15:00,254.66,255.06,254.37,254.64,47065144,0,47065144.00
10/13/2017,15:00,255.14,255.27,254.64,254.95,54800435,0,54800435.00
10/16/2017,15:00,255.21,255.51,254.82,255.29,38221675,0,38221675.00
10/17/2017,15:00,255.23,255.52,254.98,255.47,31560964,0,31560964.00
10/18/2017,15:00,255.90,255.95,255.50,255.72,40888330,0,40888330.00
10/19/2017,15:00,254.83,255.83,254.35,255.79,61903788,0,61903788.00
10/20/2017,15:00,256.70,257.14,255.77,257.11,89176377,0,89176377.00
10/23/2017,15:00,257.48,257.51,256.02,256.11,63915306,0,63915306.00
10/24/2017,15:00,256.60,256.83,256.15,256.56,66935910,0,66935910.00
10/25/2017,15:00,256.18,256.31,254.00,255.29,103715291,0,103715291.00
10/26/2017,15:00,255.99,256.30,255.48,255.62,69797972,0,69797972.00
10/27/2017,15:00,256.47,257.89,256.16,257.71,85562544,0,85562544.00
10/30/2017,15:00,257.06,257.60,256.41,256.75,54285687,0,54285687.00
10/31/2017,15:00,257.18,257.44,256.81,257.15,60304781,0,60304781.00
11/01/2017,15:00,258.04,258.43,257.07,257.49,54202736,0,54202736.00
11/02/2017,15:00,257.41,257.75,256.19,257.59,56449535,0,56449535.00
11/03/2017,15:00,257.77,258.50,257.30,258.45,59589730,0,59589730.00
11/06/2017,15:00,258.30,259.00,258.22,258.85,49652598,0,49652598.00
11/07/2017,15:00,258.97,259.35,258.09,258.67,57502161,0,57502161.00
11/08/2017,15:00,258.47,259.22,258.15,259.11,50469579,0,50469579.00
11/09/2017,15:00,257.73,258.39,256.36,258.17,95085497,0,95085497.00
11/10/2017,15:00,257.71,258.29,257.37,258.09,59984662,0,59984662.00
11/13/2017,15:00,257.31,258.59,257.27,258.33,50228648,0,50228648.00
11/14/2017,15:00,257.41,257.85,256.52,257.73,61315152,0,61315152.00
11/15/2017,15:00,256.62,257.22,255.63,256.44,80811525,0,80811525.00
11/16/2017,15:00,257.52,259.04,257.47,258.62,67777027,0,67777027.00
11/17/2017,15:00,258.22,258.59,257.77,257.86,75756833,0,75756833.00
11/20/2017,15:00,258.14,258.53,257.86,258.30,48075514,0,48075514.00
11/21/2017,15:00,259.18,260.20,258.26,259.99,69176799,0,69176799.00
11/22/2017,15:00,259.98,260.15,259.57,259.76,45033392,0,45033392.00
11/24/2017,15:00,260.32,260.48,260.16,260.36,27856514,0,27856514.00
11/27/2017,15:00,260.41,260.75,260.00,260.23,52274922,0,52274922.00
11/28/2017,15:00,260.76,262.90,260.66,262.87,98971719,0,98971719.00
11/29/2017,15:00,263.02,263.63,262.20,262.71,77512102,0,77512102.00
11/30/2017,15:00,263.76,266.05,263.67,265.01,127894389,0,127894389.00
12/01/2017,15:00,264.76,265.31,260.76,264.46,164390902,0,164390902.00
12/04/2017,15:00,266.31,266.80,264.08,264.14,94040560,0,94040560.00
12/05/2017,15:00,264.43,265.15,263.04,263.19,77994544,0,77994544.00
12/06/2017,15:00,262.87,263.73,262.71,263.24,75898566,0,75898566.00
12/07/2017,15:00,263.09,264.43,262.94,264.07,77218569,0,77218569.00
12/08/2017,15:00,264.99,265.52,264.03,265.51,76563873,0,76563873.00
12/11/2017,15:00,265.58,266.38,265.48,266.31,83077533,0,83077533.00
12/12/2017,15:00,266.57,267.32,266.35,266.78,85195750,0,85195750.00
12/13/2017,15:00,267.06,267.56,266.65,266.75,102905409,0,102905409.00
12/14/2017,15:00,267.09,267.22,265.60,265.66,100666692,0,100666692.00
12/15/2017,15:00,265.45,267.04,265.39,266.51,144610290,0,144610290.00
12/18/2017,15:00,268.10,268.60,267.98,268.20,83653572,0,83653572.00
12/19/2017,15:00,268.48,268.53,267.09,267.17,82382876,0,82382876.00
12/20/2017,15:00,268.27,268.33,266.69,267.03,76751500,0,76751500.00
12/21/2017,15:00,267.74,268.39,267.30,267.58,67032339,0,67032339.00
12/22/2017,15:00,267.60,267.64,266.90,267.51,78720873,0,78720873.00
12/26/2017,15:00,267.05,267.44,266.89,267.19,45244433,0,45244433.00
12/27/2017,15:00,267.38,267.73,267.01,267.32,57750986,0,57750986.00
12/28/2017,15:00,267.89,267.92,267.45,267.87,45116139,0,45116139.00
12/29/2017,15:00,268.53,268.55,266.64,266.86,96007424,0,96007424.00
01/02/2018,15:00,267.84,268.81,267.40,268.77,86655749,0,86655749.00
01/03/2018,15:00,268.96,270.64,268.96,270.47,90070416,0,90070416.00
01/04/2018,15:00,271.20,272.16,270.54,271.61,80636408,0,80636408.00
01/05/2018,15:00,272.51,273.56,271.95,273.42,83523995,0,83523995.00
01/08/2018,15:00,273.31,274.10,272.98,273.92,57319192,0,57319192.00
01/09/2018,15:00,274.40,275.25,274.08,274.54,57253957,0,57253957.00
01/10/2018,15:00,273.68,274.42,272.92,274.12,69574318,0,69574318.00
01/11/2018,15:00,274.75,276.12,274.56,276.12,62361455,0,62361455.00
01/12/2018,15:00,276.42,278.11,276.08,277.92,90816076,0,90816076.00
01/16/2018,15:00,279.35,280.09,276.18,276.97,106555142,0,106555142.00
01/17/2018,15:00,278.03,280.05,276.97,279.61,113258799,0,113258799.00
01/18/2018,15:00,279.48,279.96,278.58,279.14,100728006,0,100728006.00
01/19/2018,15:00,279.80,280.41,279.14,280.41,140920098,0,140920098.00
01/22/2018,15:00,280.17,282.69,280.11,282.69,91322408,0,91322408.00
01/23/2018,15:00,282.74,283.62,282.37,283.29,97084700,0,97084700.00
01/24/2018,15:00,284.00,284.70,281.84,283.18,134816117,0,134816117.00
01/25/2018,15:00,284.16,284.27,282.41,283.30,84587313,0,84587313.00
01/26/2018,15:00,284.32,286.63,283.96,286.58,107743119,0,107743119.00
01/29/2018,15:00,285.93,286.43,284.50,284.68,90118337,0,90118337.00
01/30/2018,15:00,282.60,283.29,281.22,281.76,131796419,0,131796419.00
01/31/2018,15:00,282.73,283.30,280.68,281.90,118948131,0,118948131.00
02/01/2018,15:00,281.07,283.06,280.68,281.58,90102470,0,90102470.00
02/02/2018,15:00,280.08,280.23,275.41,275.45,173174790,0,173174790.00
02/05/2018,15:00,273.45,275.85,263.31,263.93,294681816,0,294681816.00
02/06/2018,15:00,259.94,269.70,258.70,269.13,355026782,0,355026782.00
02/07/2018,15:00,268.50,272.36,267.58,267.67,167376100,0,167376100.00
02/08/2018,15:00,268.01,268.17,257.59,257.63,246449505,0,246449505.00
02/09/2018,15:00,260.83,263.61,252.92,261.50,283565315,0,283565315.00
02/12/2018,15:00,263.83,267.01,261.66,265.34,143735976,0,143735976.00
02/13/2018,15:00,263.97,266.62,263.31,266.00,81223640,0,81223640.00
02/14/2018,15:00,264.31,270.00,264.30,269.59,120735685,0,120735685.00
02/15/2018,15:00,271.57,273.04,268.77,273.03,111200286,0,111200286.00
02/16/2018,15:00,272.32,275.32,272.27,273.11,160420135,0,160420135.00
02/20/2018,15:00,272.03,273.67,270.50,271.40,86369662,0,86369662.00
02/21/2018,15:00,271.90,274.72,269.94,270.05,98883740,0,98883740.00
02/22/2018,15:00,271.10,273.05,269.64,270.40,110511290,0,110511290.00
02/23/2018,15:00,271.79,274.71,271.25,274.71,92766428,0,92766428.00
02/26/2018,15:00,275.93,278.01,275.26,277.90,86491406,0,86491406.00
02/27/2018,15:00,278.11,278.92,274.36,274.43,99099165,0,99099165.00
02/28/2018,15:00,275.67,276.19,271.29,271.65,121907767,0,121907767.00
03/01/2018,15:00,271.41,273.17,266.00,267.70,176855077,0,176855077.00
03/02/2018,15:00,265.80,269.72,264.82,269.08,139083217,0,139083217.00
03/05/2018,15:00,267.73,272.89,267.61,272.19,97307387,0,97307387.00
03/06/2018,15:00,273.30,273.39,271.18,272.88,79213163,0,79213163.00
03/07/2018,15:00,270.42,273.18,270.20,272.78,87063502,0,87063502.00
03/08/2018,15:00,273.55,274.24,272.42,274.10,66901150,0,66901150.00
03/09/2018,15:00,275.72,278.87,275.34,278.87,113625335,0,113625335.00
03/12/2018,15:00,279.20,279.91,278.08,278.52,71924793,0,71924793.00
03/13/2018,15:00,279.84,280.41,276.03,276.72,91968937,0,91968937.00
03/14/2018,15:00,277.81,278.02,274.67,275.30,105895079,0,105895079.00
03/15/2018,15:00,275.88,276.61,274.43,275.00,83433038,0,83433038.00
03/16/2018,15:00,274.50,275.39,274.14,274.20,100343673,0,100343673.00
03/19/2018,15:00,273.35,274.40,268.62,270.49,109208442,0,109208442.00
03/20/2018,15:00,270.94,271.67,270.18,270.95,59757271,0,59757271.00
03/21/2018,15:00,270.90,273.27,270.19,270.43,78709578,0,78709578.00
03/22/2018,15:00,267.91,268.87,263.36,263.67,148785916,0,148785916.00
03/23/2018,15:00,264.17,265.02,257.83,258.05,183534751,0,183534751.00
03/26/2018,15:00,262.13,265.43,259.41,265.11,141956102,0,141956102.00
03/27/2018,15:00,266.17,266.77,258.84,260.60,129941445,0,129941445.00
03/28/2018,15:00,260.75,262.64,258.58,259.83,146452306,0,146452306.00
03/29/2018,15:00,261.12,265.26,259.84,263.15,124244790,0,124244790.00
04/02/2018,15:00,262.55,263.13,254.67,257.47,186286343,0,186286343.00
04/03/2018,15:00,258.87,261.31,256.84,260.77,119956861,0,119956861.00
04/04/2018,15:00,256.76,264.36,256.60,263.56,123715339,0,123715339.00
04/05/2018,15:00,265.55,266.64,264.32,265.64,82652618,0,82652618.00
04/06/2018,15:00,263.42,265.11,258.00,259.72,179521209,0,179521209.00
04/09/2018,15:00,261.37,264.84,259.94,261.00,105442932,0,105442932.00
04/10/2018,15:00,264.27,266.04,262.98,265.15,105573736,0,105573736.00
04/11/2018,15:00,263.47,265.64,263.39,263.76,91140243,0,91140243.00
04/12/2018,15:00,265.26,267.00,265.06,265.93,68890480,0,68890480.00
04/13/2018,15:00,267.41,267.54,264.01,265.15,85079176,0,85079176.00
04/16/2018,15:00,267.00,268.20,266.07,267.33,63405287,0,63405287.00
04/17/2018,15:00,269.33,270.87,268.75,270.19,64682036,0,64682036.00
04/18/2018,15:00,270.69,271.30,269.87,270.39,57303857,0,57303857.00
04/19/2018,15:00,269.65,269.88,267.72,268.89,77655909,0,77655909.00
04/20/2018,15:00,268.81,269.06,265.61,266.61,99953133,0,99953133.00
04/23/2018,15:00,267.26,267.89,265.35,266.57,65557954,0,65557954.00
04/24/2018,15:00,267.73,267.98,261.28,262.98,112885452,0,112885452.00
04/25/2018,15:00,262.91,264.13,260.85,263.63,103840948,0,103840948.00
04/26/2018,15:00,264.79,267.25,264.29,266.31,67731942,0,67731942.00
04/27/2018,15:00,267.00,267.34,265.50,266.56,57053647,0,57053647.00
04/30/2018,15:00,267.26,267.89,264.43,264.51,82182324,0,82182324.00
05/01/2018,15:00,263.87,265.10,262.11,264.98,74203365,0,74203365.00
05/02/2018,15:00,264.76,265.68,262.76,263.20,86368943,0,86368943.00
05/03/2018,15:00,262.26,263.36,259.05,262.62,136311479,0,136311479.00
05/04/2018,15:00,261.52,266.79,261.15,266.02,91222075,0,91222075.00
05/07/2018,15:00,266.89,268.02,266.11,266.92,55304907,0,55304907.00
05/08/2018,15:00,266.47,267.33,265.15,266.92,67499247,0,67499247.00
05/09/2018,15:00,267.68,269.87,267.09,269.50,59666143,0,59666143.00
05/10/2018,15:00,270.34,272.39,270.22,272.02,72063931,0,72063931.00
05/11/2018,15:00,272.16,273.15,271.58,272.85,59871511,0,59871511.00
05/14/2018,15:00,273.34,274.08,272.36,272.98,54790606,0,54790606.00
05/15/2018,15:00,271.59,271.61,270.03,271.10,87036136,0,87036136.00
05/16/2018,15:00,271.14,272.76,271.11,272.24,53942631,0,53942631.00
05/17/2018,15:00,271.94,273.23,271.13,272.01,56536400,0,56536400.00
05/18/2018,15:00,271.62,272.03,270.93,271.33,64367959,0,64367959.00
05/21/2018,15:00,273.01,273.98,272.60,273.37,58025875,0,58025875.00
05/22/2018,15:00,273.96,274.25,272.24,272.61,52966358,0,52966358.00
05/23/2018,15:00,271.17,273.39,270.99,273.36,64694184,0,64694184.00
05/24/2018,15:00,272.91,273.22,270.78,272.80,76043827,0,76043827.00
05/25/2018,15:00,272.15,272.86,271.58,272.15,56374755,0,56374755.00
05/29/2018,15:00,270.31,271.17,267.76,269.02,115908607,0,115908607.00
05/30/2018,15:00,270.50,273.11,270.42,272.61,69678449,0,69678449.00
05/31/2018,15:00,272.15,272.49,270.26,270.94,93519941,0,93519941.00
06/01/2018,15:00,272.41,273.94,272.33,273.60,71258411,0,71258411.00
06/04/2018,15:00,274.53,275.19,274.26,274.90,45385166,0,45385166.00
06/05/2018,15:00,275.05,275.53,274.18,275.10,51135038,0,51135038.00
06/06/2018,15:00,275.79,277.52,275.09,277.40,62732215,0,62732215.00
06/07/2018,15:00,277.96,278.28,276.34,277.37,72969402,0,72969402.00
06/08/2018,15:00,276.85,278.25,276.66,278.19,72139719,0,72139719.00
06/11/2018,15:00,278.44,279.37,278.31,278.56,58892515,0,58892515.00
06/12/2018,15:00,279.03,279.33,278.19,278.92,72329028,0,72329028.00
06/13/2018,15:00,279.19,279.48,277.80,278.03,79070610,0,79070610.00
06/14/2018,15:00,279.01,279.33,278.06,278.73,77097620,0,77097620.00
06/15/2018,15:00,276.60,277.51,275.35,277.13,120041562,0,120041562.00
06/18/2018,15:00,275.49,276.70,274.95,276.56,52917581,0,52917581.00
06/19/2018,15:00,274.02,275.75,273.53,275.50,97531510,0,97531510.00
06/20/2018,15:00,276.27,276.72,275.59,275.97,53785486,0,53785486.00
06/21/2018,15:00,275.96,275.98,273.68,274.24,71061404,0,71061404.00
06/22/2018,15:00,275.66,275.79,274.49,274.74,56612003,0,56612003.00
06/25/2018,15:00,273.44,273.62,269.10,271.00,137854162,0,137854162.00
06/26/2018,15:00,271.64,272.56,270.79,271.60,68683211,0,68683211.00
06/27/2018,15:00,272.26,273.87,269.18,269.35,105110674,0,105110674.00
06/28/2018,15:00,269.29,271.75,268.49,270.89,76650517,0,76650517.00
06/29/2018,15:00,272.08,273.66,271.15,271.28,97592499,0,97592499.00
07/02/2018,15:00,269.51,272.04,269.24,271.86,63554774,0,63554774.00
07/03/2018,15:00,272.87,272.98,270.42,270.90,42187071,0,42187071.00
07/05/2018,15:00,272.17,273.18,270.96,273.11,56925919,0,56925919.00
07/06/2018,15:00,273.14,275.84,272.72,275.42,66493696,0,66493696.00
07/09/2018,15:00,276.55,277.96,276.50,277.90,50550399,0,50550399.00
07/10/2018,15:00,278.41,279.01,278.08,278.90,51966829,0,51966829.00
07/11/2018,15:00,277.15,278.04,276.52,276.86,77054739,0,77054739.00
07/12/2018,15:00,278.28,279.43,277.60,279.37,60124687,0,60124687.00
07/13/2018,15:00,279.17,279.93,278.66,279.59,48234964,0,48234964.00
07/16/2018,15:00,279.63,279.80,278.84,279.34,48201038,0,48201038.00
07/17/2018,15:00,278.47,280.91,278.41,280.47,52315500,0,52315500.00
07/18/2018,15:00,280.56,281.18,280.06,281.06,44593465,0,44593465.00
07/19/2018,15:00,280.31,280.74,279.46,280.00,61412117,0,61412117.00
07/20/2018,15:00,279.77,280.48,279.50,279.68,82372729,0,82372729.00
07/23/2018,15:00,279.45,280.43,279.06,280.20,47047565,0,47047565.00
07/24/2018,15:00,281.79,282.56,280.63,281.61,68026935,0,68026935.00
07/25/2018,15:00,281.33,284.37,281.28,284.01,78882927,0,78882927.00
07/26/2018,15:00,283.20,284.11,283.09,283.34,57919495,0,57919495.00
07/27/2018,15:00,283.71,283.82,280.38,281.42,76783177,0,76783177.00
07/30/2018,15:00,281.51,281.69,279.36,279.95,63742508,0,63742508.00
07/31/2018,15:00,280.81,282.02,280.38,281.33,68570493,0,68570493.00
08/01/2018,15:00,281.56,282.13,280.13,280.86,53853326,0,53853326.00
08/02/2018,15:00,279.39,282.58,279.16,282.39,63426363,0,63426363.00
08/03/2018,15:00,282.54,283.66,282.33,283.60,53935386,0,53935386.00
08/06/2018,15:00,283.64,284.99,283.20,284.64,39400887,0,39400887.00
08/07/2018,15:00,285.39,286.01,285.24,285.58,43196646,0,43196646.00
08/08/2018,15:00,285.39,285.91,284.94,285.46,42114551,0,42114551.00
08/09/2018,15:00,285.53,285.97,284.92,285.07,35716976,0,35716976.00
08/10/2018,15:00,283.45,284.06,282.36,283.16,77076044,0,77076044.00
08/13/2018,15:00,283.47,284.16,281.77,282.10,65732909,0,65732909.00
08/14/2018,15:00,282.92,284.17,282.48,283.90,43842031,0,43842031.00
08/15/2018,15:00,282.38,282.54,280.16,281.78,102925355,0,102925355.00
08/16/2018,15:00,283.40,285.04,283.36,284.06,69967919,0,69967919.00
08/17/2018,15:00,283.83,285.56,283.37,285.06,65618481,0,65618481.00
08/20/2018,15:00,285.57,285.97,285.06,285.67,39807490,0,39807490.00
08/21/2018,15:00,286.25,287.31,285.71,286.34,67271983,0,67271983.00
08/22/2018,15:00,285.88,286.76,285.58,286.17,44993333,0,44993333.00
08/23/2018,15:00,285.94,286.94,285.43,285.79,49204851,0,49204851.00
08/24/2018,15:00,286.44,287.67,286.38,287.51,57487399,0,57487399.00
08/27/2018,15:00,288.86,289.90,288.68,289.78,57072377,0,57072377.00
08/28/2018,15:00,290.30,290.42,289.40,289.92,46943472,0,46943472.00
08/29/2018,15:00,290.16,291.74,289.89,291.48,61485514,0,61485514.00
08/30/2018,15:00,290.94,291.36,289.63,290.30,61229501,0,61229501.00
08/31/2018,15:00,289.84,290.81,289.29,290.31,66140838,0,66140838.00
09/04/2018,15:00,289.84,290.21,288.68,289.81,57594367,0,57594367.00
09/05/2018,15:00,289.41,289.64,287.89,289.03,72452437,0,72452437.00
09/06/2018,15:00,289.15,289.49,287.00,288.16,65909863,0,65909863.00
09/07/2018,15:00,286.98,288.70,286.71,287.60,73524824,0,73524824.00
09/10/2018,15:00,288.74,289.04,287.88,288.10,50210903,0,50210903.00
09/11/2018,15:00,287.37,289.55,286.98,289.05,50530492,0,50530492.00
09/12/2018,15:00,289.06,289.80,288.23,289.12,59810758,0,59810758.00
09/13/2018,15:00,290.30,291.04,290.00,290.83,51034222,0,51034222.00
09/14/2018,15:00,291.06,291.27,290.00,290.88,55079875,0,55079875.00
09/17/2018,15:00,290.82,290.86,289.03,289.34,68244043,0,68244043.00
09/18/2018,15:00,289.58,291.58,289.55,290.91,61930407,0,61930407.00
09/19/2018,15:00,290.97,291.69,290.83,291.22,49080562,0,49080562.00
09/20/2018,15:00,292.64,293.94,292.51,293.58,100360646,0,100360646.00
09/21/2018,15:00,293.09,293.22,291.81,291.99,105479656,0,105479656.00
09/24/2018,15:00,291.34,291.50,290.37,291.02,53409645,0,53409645.00
09/25/2018,15:00,291.53,291.65,290.48,290.75,44370037,0,44370037.00
09/26/2018,15:00,290.91,292.24,289.41,289.88,79739674,0,79739674.00
09/27/2018,15:00,290.41,291.91,290.10,290.69,59249455,0,59249455.00
09/28/2018,15:00,290.00,291.28,289.95,290.72,70091385,0,70091385.00
10/01/2018,15:00,292.14,292.93,290.98,291.73,62078937,0,62078937.00
10/02/2018,15:00,291.56,292.36,291.14,291.56,47258227,0,47258227.00
10/03/2018,15:00,292.74,293.21,291.32,291.72,64694594,0,64694594.00
10/04/2018,15:00,291.18,291.24,287.66,289.44,111545910,0,111545910.00
10/05/2018,15:00,289.69,290.27,286.22,287.82,105951698,0,105951698.00
10/08/2018,15:00,287.05,288.22,285.50,287.82,87742172,0,87742172.00
10/09/2018,15:00,287.39,288.86,286.77,287.40,74338982,0,74338982.00
10/10/2018,15:00,286.83,286.91,277.88,278.30,214731042,0,214731042.00
10/11/2018,15:00,277.08,278.90,270.36,272.17,274840491,0,274840491.00
10/12/2018,15:00,276.77,277.09,272.37,275.95,183186492,0,183186492.00
10/15/2018,15:00,275.55,277.04,274.30,274.40,102263717,0,102263717.00
10/16/2018,15:00,276.60,280.82,276.07,280.40,118255834,0,118255834.00
10/17/2018,15:00,280.44,281.15,277.56,280.45,110625987,0,110625987.00
10/18/2018,15:00,279.40,280.07,274.97,276.40,134557525,0,134557525.00
10/19/2018,15:00,277.13,279.30,275.47,276.25,139901634,0,139901634.00
10/22/2018,15:00,277.00,277.36,274.41,275.01,82415812,0,82415812.00
10/23/2018,15:00,270.95,274.87,268.61,273.61,146352719,0,146352719.00
10/24/2018,15:00,273.31,273.76,264.70,265.32,177806697,0,177806697.00
10/25/2018,15:00,267.38,271.81,266.23,270.08,138061545,0,138061545.00
10/26/2018,15:00,265.92,268.78,262.29,265.33,201574596,0,201574596.00
10/29/2018,15:00,268.80,270.25,259.85,263.86,160749101,0,160749101.00
10/30/2018,15:00,263.67,268.12,263.12,267.77,157115995,0,157115995.00
10/31/2018,15:00,270.69,273.23,270.12,270.63,128296325,0,128296325.00
11/01/2018,15:00,271.60,273.73,270.38,273.51,99495037,0,99495037.00
11/02/2018,15:00,274.74,275.23,269.59,271.89,122634107,0,122634107.00
11/05/2018,15:00,272.44,274.01,271.35,273.39,65622482,0,65622482.00
11/06/2018,15:00,273.32,275.30,273.25,275.12,60085894,0,60085894.00
11/07/2018,15:00,277.56,281.10,277.08,281.01,102752099,0,102752099.00
11/08/2018,15:00,280.11,281.22,279.22,280.50,65584886,0,65584886.00
11/09/2018,15:00,279.03,279.24,276.18,277.76,98812561,0,98812561.00
11/12/2018,15:00,277.19,277.46,271.99,272.57,99673574,0,99673574.00
11/13/2018,15:00,273.09,275.33,271.25,272.06,98176610,0,98176610.00
11/14/2018,15:00,274.16,274.61,268.45,270.20,125335931,0,125335931.00
11/15/2018,15:00,268.77,273.54,267.01,273.02,135101437,0,135101437.00
11/16/2018,15:00,271.82,274.75,271.21,273.73,126668040,0,126668040.00
11/19/2018,15:00,273.05,273.38,268.07,269.10,103061706,0,103061706.00
11/20/2018,15:00,265.42,267.00,263.15,264.12,136021311,0,136021311.00
11/21/2018,15:00,265.86,267.15,265.01,265.02,75563743,0,75563743.00
11/23/2018,15:00,263.18,264.82,263.07,263.25,42807878,0,42807878.00
11/26/2018,15:00,265.78,267.75,265.34,267.50,79981362,0,79981362.00
11/27/2018,15:00,266.32,268.40,265.66,268.40,75502441,0,75502441.00
11/28/2018,15:00,269.60,274.58,268.33,274.58,127629633,0,127629633.00
11/29/2018,15:00,273.71,275.55,272.43,273.98,82346420,0,82346420.00
11/30/2018,15:00,273.81,276.28,273.45,275.65,98204190,0,98204190.00
12/03/2018,15:00,280.32,280.40,277.51,279.30,103017719,0,103017719.00
12/04/2018,15:00,278.37,278.85,269.90,270.25,177986013,0,177986013.00
12/06/2018,15:00,265.92,269.97,262.44,269.84,204185411,0,204185411.00
12/07/2018,15:00,269.45,271.22,262.63,263.57,161018923,0,161018923.00
12/10/2018,15:00,263.37,265.16,258.62,264.07,151445885,0,151445885.00
12/11/2018,15:00,267.66,267.87,262.48,264.13,121504431,0,121504431.00
12/12/2018,15:00,267.49,268.95,265.37,265.46,97976706,0,97976706.00
12/13/2018,15:00,266.50,267.49,264.12,265.37,96662717,0,96662717.00
12/14/2018,15:00,262.97,264.03,259.85,260.47,116961071,0,116961071.00
12/17/2018,15:00,259.40,260.65,253.53,255.36,165492257,0,165492257.00
12/18/2018,15:00,257.19,257.95,253.28,255.08,134515094,0,134515094.00
12/19/2018,15:00,255.17,259.40,249.35,251.26,214992763,0,214992763.00
12/20/2018,15:00,249.86,251.62,244.65,247.17,252053377,0,252053377.00
12/21/2018,15:00,246.74,249.71,239.98,240.70,255345633,0,255345633.00
12/24/2018,15:00,239.07,240.84,234.27,234.34,147311588,0,147311588.00
12/26/2018,15:00,235.97,246.18,233.76,246.18,218485360,0,218485360.00
12/27/2018,15:00,242.57,248.29,238.96,248.07,186267342,0,186267342.00
12/28/2018,15:00,249.58,251.40,246.45,247.75,153100189,0,153100189.00
12/31/2018,15:00,249.57,250.19,247.47,249.92,146626193,0,146626193.00
01/02/2019,15:00,246.02,251.21,245.95,250.18,126925199,0,126925199.00
01/03/2019,15:00,248.34,248.57,243.67,244.21,144140692,0,144140692.00
01/04/2019,15:00,247.59,253.11,247.17,252.39,142628834,0,142628834.00
01/07/2019,15:00,252.69,255.95,251.69,254.38,103139100,0,103139100.00
01/08/2019,15:00,256.82,257.31,254.00,256.77,102512587,0,102512587.00
01/09/2019,15:00,257.56,258.91,256.19,257.97,95006554,0,95006554.00
01/10/2019,15:00,256.26,259.16,255.50,258.88,96823923,0,96823923.00
01/11/2019,15:00,257.69,259.01,257.03,258.98,73858110,0,73858110.00
01/14/2019,15:00,256.89,258.30,256.41,257.40,70908227,0,70908227.00
01/15/2019,15:00,257.82,260.70,257.81,260.35,85208271,0,85208271.00
01/16/2019,15:00,260.83,261.97,260.60,260.98,77636710,0,77636710.00
01/17/2019,15:00,260.01,263.92,259.96,262.96,96118435,0,96118435.00
01/18/2019,15:00,264.98,266.98,264.10,266.46,127900303,0,127900303.00
01/22/2019,15:00,264.82,265.06,261.06,262.86,115531183,0,115531183.00
01/23/2019,15:00,264.01,264.79,260.66,263.41,86030287,0,86030287.00
01/24/2019,15:00,263.21,264.20,262.08,263.55,59204139,0,59204139.00
01/25/2019,15:00,265.61,266.70,265.11,265.78,96883358,0,96883358.00
01/28/2019,15:00,263.39,263.83,261.79,263.76,85613655,0,85613655.00
01/29/2019,15:00,263.92,264.55,262.48,263.41,66136334,0,66136334.00
01/30/2019,15:00,265.10,268.52,264.25,267.58,92473671,0,92473671.00
01/31/2019,15:00,267.51,270.47,267.27,269.93,104012073,0,104012073.00
02/01/2019,15:00,270.15,271.20,269.18,270.06,85782524,0,85782524.00
02/04/2019,15:00,270.11,272.03,269.36,271.96,60744844,0,60744844.00
02/05/2019,15:00,272.44,273.44,271.88,273.10,79552774,0,79552774.00
02/06/2019,15:00,272.79,273.34,271.92,272.74,58347791,0,58347791.00
02/07/2019,15:00,270.94,271.55,268.29,270.14,95481961,0,95481961.00
02/08/2019,15:00,268.75,270.58,267.83,270.47,75788861,0,75788861.00
02/11/2019,15:00,271.20,271.49,270.03,270.62,68021423,0,68021423.00
02/12/2019,15:00,272.43,274.52,272.34,274.10,72270221,0,72270221.00
02/13/2019,15:00,275.03,275.93,274.56,274.99,65277204,0,65277204.00
02/14/2019,15:00,273.78,275.64,272.87,274.38,83234396,0,83234396.00
02/15/2019,15:00,276.36,277.41,276.13,277.37,97088659,0,97088659.00
02/19/2019,15:00,276.48,278.58,276.47,277.85,59120804,0,59120804.00
02/20/2019,15:00,277.82,278.92,277.25,278.41,76610767,0,76610767.00
02/21/2019,15:00,277.70,278.10,276.35,277.42,64214727,0,64214727.00
02/22/2019,15:00,278.11,279.36,277.40,279.14,78114616,0,78114616.00
02/25/2019,15:00,280.73,281.31,279.43,279.52,69030699,0,69030699.00
02/26/2019,15:00,279.13,280.30,278.90,279.32,56844101,0,56844101.00
02/27/2019,15:00,278.52,279.59,277.48,279.20,56921570,0,56921570.00
02/28/2019,15:00,278.96,279.45,278.32,278.68,69268293,0,69268293.00
03/01/2019,15:00,280.44,280.88,278.82,280.42,78880548,0,78880548.00
03/04/2019,15:00,281.60,281.87,276.84,279.40,106494637,0,106494637.00
03/05/2019,15:00,279.54,279.76,278.41,279.02,59114559,0,59114559.00
03/06/2019,15:00,279.15,279.16,276.97,277.33,75039771,0,75039771.00
03/07/2019,15:00,276.83,276.99,274.07,275.01,94885089,0,94885089.00
03/08/2019,15:00,272.94,274.65,272.42,274.46,85795799,0,85795799.00
03/11/2019,15:00,275.26,278.62,275.23,278.44,65098897,0,65098897.00
03/12/2019,15:00,279.06,280.07,278.85,279.49,79667530,0,79667530.00
03/13/2019,15:00,280.48,282.38,280.30,281.34,80639153,0,80639153.00
03/14/2019,15:00,281.37,281.84,280.67,281.16,67518366,0,67518366.00
03/15/2019,15:00,280.54,282.21,280.33,281.31,81308979,0,81308979.00
03/18/2019,15:00,281.55,282.66,281.30,282.33,62199806,0,62199806.00
03/19/2019,15:00,283.51,284.36,281.41,282.40,90268121,0,90268121.00
03/20/2019,15:00,282.16,283.50,280.32,281.55,84609210,0,84609210.00
03/21/2019,15:00,280.64,285.18,280.59,284.73,79550375,0,79550375.00
03/22/2019,15:00,283.22,283.80,279.18,279.25,122659286,0,122659286.00
03/25/2019,15:00,278.87,280.19,277.64,279.04,85575197,0,85575197.00
03/26/2019,15:00,280.99,282.18,279.56,281.12,68125920,0,68125920.00
03/27/2019,15:00,281.11,281.76,277.93,279.65,72224722,0,72224722.00
03/28/2019,15:00,280.35,281.21,279.07,280.71,56238545,0,56238545.00
03/29/2019,15:00,282.39,282.84,281.14,282.48,82186806,0,82186806.00
04/01/2019,15:00,284.70,286.16,284.40,285.83,77617945,0,77617945.00
04/02/2019,15:00,286.04,286.23,285.09,285.97,40070351,0,40070351.00
04/03/2019,15:00,287.32,287.76,285.75,286.42,68243202,0,68243202.00
04/04/2019,15:00,286.78,287.46,286.01,287.18,48997505,0,48997505.00
04/05/2019,15:00,287.92,288.63,287.60,288.57,58621729,0,58621729.00
04/08/2019,15:00,288.10,288.91,287.37,288.79,53566335,0,53566335.00
04/09/2019,15:00,287.72,288.08,286.70,287.31,66142316,0,66142316.00
04/10/2019,15:00,287.77,288.39,287.31,288.29,52601499,0,52601499.00
04/11/2019,15:00,288.83,288.84,287.58,288.21,55093100,0,55093100.00
04/12/2019,15:00,290.00,290.47,289.26,290.16,69727782,0,69727782.00
04/15/2019,15:00,290.24,290.35,289.08,289.97,49596685,0,49596685.00
04/16/2019,15:00,290.95,291.01,289.50,290.16,52153197,0,52153197.00
04/17/2019,15:00,291.40,291.43,288.99,289.45,58268295,0,58268295.00
04/18/2019,15:00,290.10,290.32,288.66,290.02,68708513,0,68708513.00
04/22/2019,15:00,289.17,290.44,289.07,290.27,40160140,0,40160140.00
04/23/2019,15:00,290.68,293.14,290.42,292.88,52246633,0,52246633.00
04/24/2019,15:00,292.79,293.16,292.07,292.23,50392914,0,50392914.00
04/25/2019,15:00,292.12,292.78,290.73,292.05,57770862,0,57770862.00
04/26/2019,15:00,292.10,293.49,291.24,293.41,50916423,0,50916423.00
04/29/2019,15:00,293.51,294.45,293.41,293.87,57197747,0,57197747.00
04/30/2019,15:00,293.49,294.34,291.92,294.02,81111733,0,81111733.00
05/01/2019,15:00,294.72,294.95,291.80,291.81,71671870,0,71671870.00
05/02/2019,15:00,291.68,292.70,289.52,291.18,65030170,0,65030170.00
05/03/2019,15:00,292.82,294.34,292.56,294.03,56543653,0,56543653.00
05/06/2019,15:00,289.26,293.31,288.90,292.82,107198069,0,107198069.00
05/07/2019,15:00,290.15,290.81,285.81,287.93,144729908,0,144729908.00
05/08/2019,15:00,287.53,289.43,286.87,287.53,91568287,0,91568287.00
05/09/2019,15:00,285.23,287.33,283.30,286.66,103471104,0,103471104.00
05/10/2019,15:00,285.71,288.94,282.30,288.10,112429293,0,112429293.00
05/13/2019,15:00,282.42,283.49,279.93,280.86,127290527,0,127290527.00
05/14/2019,15:00,281.99,285.10,281.85,283.40,77003230,0,77003230.00
05/15/2019,15:00,281.59,285.77,281.36,285.06,73956407,0,73956407.00
05/16/2019,15:00,285.84,289.21,285.76,287.70,76749643,0,76749643.00
05/17/2019,15:00,285.14,288.60,285.12,285.84,100353024,0,100353024.00
05/20/2019,15:00,284.06,285.43,283.12,283.95,62877610,0,62877610.00
05/21/2019,15:00,285.83,286.93,285.55,286.51,46847085,0,46847085.00
05/22/2019,15:00,285.45,286.69,285.10,285.63,49482472,0,49482472.00
05/23/2019,15:00,283.16,283.21,280.57,282.14,98733847,0,98733847.00
05/24/2019,15:00,283.75,284.20,282.09,282.78,55268095,0,55268095.00
05/28/2019,15:00,283.01,284.15,280.13,280.15,70029356,0,70029356.00
05/29/2019,15:00,278.91,279.36,276.71,278.27,104972927,0,104972927.00
05/30/2019,15:00,279.11,280.04,277.81,279.03,62523780,0,62523780.00
05/31/2019,15:00,276.20,277.12,275.24,275.27,86862782,0,86862782.00
06/03/2019,15:00,275.31,276.55,273.09,274.57,96427952,0,96427952.00
06/04/2019,15:00,277.12,280.68,276.62,280.53,77231889,0,77231889.00
06/05/2019,15:00,282.33,282.99,280.32,282.96,71169717,0,71169717.00
06/06/2019,15:00,283.29,285.55,282.57,284.80,69430381,0,69430381.00
06/07/2019,15:00,285.93,288.85,285.74,287.65,74272199,0,74272199.00
06/10/2019,15:00,289.37,290.82,288.87,288.97,60799053,0,60799053.00
06/11/2019,15:00,290.99,291.40,288.18,288.90,58641325,0,58641325.00
06/12/2019,15:00,288.64,289.26,287.82,288.39,47096312,0,47096312.00
06/13/2019,15:00,289.40,289.98,288.62,289.58,48945156,0,48945156.00
06/14/2019,15:00,289.26,289.93,288.41,289.26,52324716,0,52324716.00
06/17/2019,15:00,289.52,290.22,289.18,289.37,39205709,0,39205709.00
06/18/2019,15:00,291.39,293.57,290.99,292.40,85434823,0,85434823.00
06/19/2019,15:00,292.55,293.65,291.47,293.06,78674377,0,78674377.00
06/20/2019,15:00,296.04,296.31,293.61,295.86,116570017,0,116570017.00
06/21/2019,15:00,294.13,295.52,293.76,294.00,83309466,0,83309466.00
06/24/2019,15:00,294.23,294.58,293.47,293.64,47582730,0,47582730.00
06/25/2019,15:00,293.70,293.73,290.64,290.76,82028656,0,82028656.00
06/26/2019,15:00,291.75,292.31,290.35,290.47,51584902,0,51584902.00
06/27/2019,15:00,291.31,292.06,290.89,291.50,40355239,0,40355239.00
06/28/2019,15:00,292.58,293.55,292.01,293.00,59350929,0,59350929.00
07/01/2019,15:00,296.68,296.92,294.33,295.66,79107474,0,79107474.00
07/02/2019,15:00,295.61,296.49,294.68,296.43,61504544,0,61504544.00
07/03/2019,15:00,297.18,298.82,297.02,298.80,40898896,0,40898896.00
07/05/2019,15:00,297.44,298.64,296.01,298.46,51677326,0,51677326.00
07/08/2019,15:00,297.01,297.35,296.22,296.82,45841772,0,45841772.00
07/09/2019,15:00,295.54,297.52,295.48,297.19,41101279,0,41101279.00
07/10/2019,15:00,298.37,299.66,297.78,298.61,58595558,0,58595558.00
07/11/2019,15:00,299.32,299.58,298.20,299.31,50889481,0,50889481.00
07/12/2019,15:00,299.87,300.73,299.51,300.65,40354410,0,40354410.00
07/15/2019,15:00,301.13,301.13,300.19,300.75,33910261,0,33910261.00
07/16/2019,15:00,300.65,300.88,299.44,299.71,40567964,0,40567964.00
07/17/2019,15:00,299.75,299.93,297.74,297.74,44102443,0,44102443.00
07/18/2019,15:00,297.19,299.25,296.70,298.83,51701687,0,51701687.00
07/19/2019,15:00,300.04,300.07,296.96,297.17,71081238,0,71081238.00
07/22/2019,15:00,297.61,298.50,297.04,297.90,43687404,0,43687404.00
07/23/2019,15:00,299.14,300.03,298.22,300.03,44657973,0,44657973.00
07/24/2019,15:00,299.19,301.44,299.09,301.44,47213242,0,47213242.00
07/25/2019,15:00,300.94,301.00,299.11,300.00,55394092,0,55394092.00
07/26/2019,15:00,300.76,302.23,300.62,302.01,45084077,0,45084077.00
07/29/2019,15:00,301.88,301.93,300.85,301.46,38126462,0,38126462.00
07/30/2019,15:00,299.91,301.17,299.49,300.72,45849045,0,45849045.00
07/31/2019,15:00,300.99,301.20,295.20,297.43,104245162,0,104245162.00
08/01/2019,15:00,297.60,300.87,293.96,294.84,142646576,0,142646576.00
08/02/2019,15:00,293.85,294.12,290.90,292.62,116749695,0,116749695.00
08/05/2019,15:00,288.09,288.21,281.72,283.82,178745449,0,178745449.00
08/06/2019,15:00,285.91,288.04,284.28,287.80,120711682,0,120711682.00
08/07/2019,15:00,284.40,288.82,282.04,287.97,140572265,0,140572265.00
08/08/2019,15:00,289.62,293.62,289.01,293.62,87713904,0,87713904.00
08/09/2019,15:00,292.58,293.24,289.65,291.62,93729958,0,93729958.00
08/12/2019,15:00,289.96,290.57,287.02,288.12,71053097,0,71053097.00
08/13/2019,15:00,287.74,294.15,287.36,292.55,94792972,0,94792972.00
08/14/2019,15:00,288.07,288.74,283.76,283.90,135622053,0,135622053.00
08/15/2019,15:00,284.88,285.64,282.39,284.65,101929845,0,101929845.00
08/16/2019,15:00,286.48,289.33,284.71,288.85,85825286,0,85825286.00
08/19/2019,15:00,292.19,293.08,291.44,292.33,53640153,0,53640153.00
08/20/2019,15:00,291.77,292.36,289.95,290.09,51652752,0,51652752.00
08/21/2019,15:00,292.48,292.86,291.72,292.45,49723430,0,49723430.00
08/22/2019,15:00,293.23,293.93,290.40,292.36,51739292,0,51739292.00
08/23/2019,15:00,290.92,292.76,283.47,284.85,149318151,0,149318151.00
08/26/2019,15:00,287.27,288.00,285.58,288.00,72621298,0,72621298.00
08/27/2019,15:00,289.54,289.95,286.03,286.87,68262998,0,68262998.00
08/28/2019,15:00,286.14,289.07,285.25,288.89,59852324,0,59852324.00
08/29/2019,15:00,291.72,293.16,290.61,292.58,57998913,0,57998913.00
08/30/2019,15:00,294.22,294.24,291.42,292.45,62961780,0,62961780.00
09/03/2019,15:00,290.57,291.58,289.27,290.74,69234260,0,69234260.00
09/04/2019,15:00,293.14,294.06,292.31,294.04,47003957,0,47003957.00
09/05/2019,15:00,296.79,298.83,296.64,297.82,83356779,0,83356779.00
09/06/2019,15:00,298.17,298.76,297.42,298.05,49584290,0,49584290.00
09/09/2019,15:00,299.14,299.24,297.16,298.20,51260290,0,51260290.00
09/10/2019,15:00,297.36,298.20,295.97,298.13,57947101,0,57947101.00
09/11/2019,15:00,298.47,300.34,297.75,300.25,68821066,0,68821066.00
09/12/2019,15:00,301.25,302.46,300.41,301.29,72908745,0,72908745.00
09/13/2019,15:00,301.78,302.17,300.68,301.09,62104838,0,62104838.00
09/16/2019,15:00,299.84,301.14,299.45,300.16,58191175,0,58191175.00
09/17/2019,15:00,299.94,301.02,299.75,300.92,42904427,0,42904427.00
09/18/2019,15:00,300.49,301.22,298.24,301.10,74192091,0,74192091.00
09/19/2019,15:00,301.53,302.63,300.71,301.08,78099215,0,78099215.00
09/20/2019,15:00,300.36,300.67,297.41,298.28,97455979,0,97455979.00
09/23/2019,15:00,297.55,299.00,297.27,298.21,47541321,0,47541321.00
09/24/2019,15:00,299.41,299.84,294.81,295.87,97367568,0,97367568.00
09/25/2019,15:00,295.96,298.11,294.33,297.62,73434081,0,73434081.00
09/26/2019,15:00,297.63,297.86,295.45,297.00,58722357,0,58722357.00
09/27/2019,15:00,297.83,297.95,293.69,295.40,84781110,0,84781110.00
09/30/2019,15:00,295.97,297.55,295.92,296.77,52562761,0,52562761.00
10/01/2019,15:00,297.74,298.46,293.00,293.24,89900420,0,89900420.00
10/02/2019,15:00,291.50,291.51,286.64,288.06,124523974,0,124523974.00
10/03/2019,15:00,287.81,290.45,284.82,290.42,85906799,0,85906799.00
10/04/2019,15:00,291.14,294.63,290.82,294.35,66700681,0,66700681.00
10/07/2019,15:00,293.47,295.26,292.77,293.08,60656561,0,60656561.00
10/08/2019,15:00,291.04,291.85,288.49,288.53,101575470,0,101575470.00
10/09/2019,15:00,290.75,292.30,290.06,291.27,65707329,0,65707329.00
10/10/2019,15:00,291.18,294.21,291.00,293.24,57255974,0,57255974.00
10/11/2019,15:00,296.27,298.74,296.14,296.28,101228577,0,101228577.00
10/14/2019,15:00,295.93,296.67,295.57,295.95,40546668,0,40546668.00
10/15/2019,15:00,297.10,299.70,296.97,298.88,47832356,0,47832356.00
10/16/2019,15:00,298.37,299.16,297.92,298.40,50563596,0,50563596.00
10/17/2019,15:00,299.68,300.24,298.52,299.28,46784885,0,46784885.00
10/18/2019,15:00,298.69,299.40,296.99,297.97,64338028,0,64338028.00
10/21/2019,15:00,299.42,300.21,298.94,299.99,39460901,0,39460901.00
10/22/2019,15:00,300.58,300.90,298.91,299.01,49126038,0,49126038.00
10/23/2019,15:00,298.73,299.94,298.50,299.88,34991829,0,34991829.00
10/24/2019,15:00,300.91,301.07,299.46,300.37,35857459,0,35857459.00
10/25/2019,15:00,299.74,302.20,299.68,301.60,45205412,0,45205412.00
10/28/2019,15:00,302.94,303.85,302.91,303.30,42146965,0,42146965.00
10/29/2019,15:00,303.00,304.23,302.86,303.21,44284921,0,44284921.00
10/30/2019,15:00,303.43,304.55,301.99,304.14,49643928,0,49643928.00
10/31/2019,15:00,304.13,304.13,301.73,303.33,69053791,0,69053791.00
11/01/2019,15:00,304.92,306.19,304.74,306.14,71141515,0,71141515.00
11/04/2019,15:00,307.85,308.00,306.96,307.37,60606916,0,60606916.00
11/05/2019,15:00,307.59,307.92,306.71,307.03,42933219,0,42933219.00
11/06/2019,15:00,307.03,307.40,306.06,307.10,46487108,0,46487108.00
11/07/2019,15:00,308.57,309.65,307.66,308.18,54272274,0,54272274.00
11/08/2019,15:00,307.80,309.00,307.03,308.94,49068797,0,49068797.00
11/11/2019,15:00,307.42,308.54,307.27,308.35,35934909,0,35934909.00
11/12/2019,15:00,308.75,309.99,308.15,309.00,46484624,0,46484624.00
11/13/2019,15:00,307.91,309.54,307.66,309.10,54459018,0,54459018.00
11/14/2019,15:00,308.79,309.64,308.09,309.55,52001874,0,52001874.00
11/15/2019,15:00,311.02,311.84,310.26,311.79,62706192,0,62706192.00
11/18/2019,15:00,311.53,312.28,311.03,312.02,49327980,0,49327980.00
11/19/2019,15:00,312.68,312.69,311.22,311.93,67927818,0,67927818.00
11/20/2019,15:00,311.28,311.85,309.06,310.77,79696276,0,79696276.00
11/21/2019,15:00,310.89,311.01,309.39,310.27,54664690,0,54664690.00
11/22/2019,15:00,311.09,311.24,309.85,310.96,44850228,0,44850228.00
11/25/2019,15:00,311.98,313.37,311.98,313.37,48762676,0,48762676.00
11/26/2019,15:00,313.41,314.28,313.06,314.08,37727953,0,37727953.00
11/27/2019,15:00,314.61,315.48,314.37,315.48,44793179,0,44793179.00
11/29/2019,15:00,314.86,315.13,314.06,314.31,36592740,0,36592740.00
12/02/2019,15:00,314.59,314.66,311.17,311.64,76110027,0,76110027.00
12/03/2019,15:00,308.65,309.64,307.13,309.55,75172709,0,75172709.00
12/04/2019,15:00,310.70,312.12,310.32,311.46,49190402,0,49190402.00
12/05/2019,15:00,312.23,312.25,310.58,312.02,40781669,0,40781669.00
12/06/2019,15:00,314.12,315.31,314.11,314.87,48956767,0,48956767.00
12/09/2019,15:00,314.44,315.18,313.80,313.88,34904315,0,34904315.00
12/10/2019,15:00,313.82,314.55,312.81,313.53,53107133,0,53107133.00
12/11/2019,15:00,314.03,314.70,313.44,314.42,53521450,0,53521450.00
12/12/2019,15:00,314.43,317.99,314.17,317.13,96585802,0,96585802.00
12/13/2019,15:00,316.87,318.67,316.02,317.32,81546487,0,81546487.00
12/16/2019,15:00,319.22,320.15,319.17,319.50,82836128,0,82836128.00
12/17/2019,15:00,319.92,320.25,319.48,319.57,61131769,0,61131769.00
12/18/2019,15:00,320.00,320.25,319.53,319.59,48199955,0,48199955.00
12/19/2019,15:00,319.80,320.98,319.52,320.90,85388424,0,85388424.00
12/20/2019,15:00,320.46,321.45,320.37,320.73,149338215,0,149338215.00
12/23/2019,15:00,321.59,321.65,321.06,321.22,53015641,0,53015641.00
12/24/2019,15:00,321.47,321.52,320.90,321.23,20270007,0,20270007.00
12/26/2019,15:00,321.65,322.95,321.64,322.94,31024188,0,31024188.00
12/27/2019,15:00,323.74,323.80,322.28,322.86,42554820,0,42554820.00
12/30/2019,15:00,322.95,323.10,320.55,321.08,49782730,0,49782730.00
12/31/2019,15:00,320.53,322.13,320.15,321.86,58001286,0,58001286.00
01/02/2020,15:00,323.54,324.89,322.53,324.87,59253833,0,59253833.00
01/03/2020,15:00,321.16,323.64,321.10,322.41,77783121,0,77783121.00
01/06/2020,15:00,320.49,323.73,320.36,323.64,55761948,0,55761948.00
01/07/2020,15:00,323.02,323.54,322.24,322.73,42854811,0,42854811.00
01/08/2020,15:00,322.94,325.78,322.67,324.45,68434153,0,68434153.00
01/09/2020,15:00,326.16,326.73,325.52,326.65,48569601,0,48569601.00
01/10/2020,15:00,327.29,327.46,325.20,325.71,53057389,0,53057389.00
01/13/2020,15:00,326.39,327.96,325.92,327.95,47262010,0,47262010.00
01/14/2020,15:00,327.47,328.62,326.84,327.45,63036384,0,63036384.00
01/15/2020,15:00,327.35,329.02,327.26,328.19,72056598,0,72056598.00
01/16/2020,15:00,329.70,330.92,329.45,330.92,54050328,0,54050328.00
01/17/2020,15:00,331.70,332.18,330.85,331.95,95846017,0,95846017.00
01/21/2020,15:00,330.90,332.18,330.82,331.30,77742415,0,77742415.00
01/22/2020,15:00,332.24,332.95,331.17,331.34,48914899,0,48914899.00
01/23/2020,15:00,330.63,332.17,329.41,331.72,51962994,0,51962994.00
01/24/2020,15:00,332.44,332.53,327.36,328.77,87578442,0,87578442.00
01/27/2020,15:00,323.03,325.12,322.66,323.50,84062463,0,84062463.00
01/28/2020,15:00,325.06,327.85,323.60,326.89,63833953,0,63833953.00
01/29/2020,15:00,328.38,328.63,326.40,326.62,54040889,0,54040889.00
01/30/2020,15:00,324.36,327.91,323.54,327.68,75491844,0,75491844.00
01/31/2020,15:00,327.00,327.17,320.73,321.73,113845576,0,113845576.00
02/03/2020,15:00,323.35,326.16,323.22,324.12,69242293,0,69242293.00
02/04/2020,15:00,328.07,330.01,327.72,329.06,62573190,0,62573190.00
02/05/2020,15:00,332.27,333.09,330.67,332.86,65951146,0,65951146.00
02/06/2020,15:00,333.91,334.19,332.80,333.98,50359688,0,50359688.00
02/07/2020,15:00,332.82,333.62,331.60,332.20,64139443,0,64139443.00
02/10/2020,15:00,331.23,334.75,331.19,334.68,42070006,0,42070006.00
02/11/2020,15:00,336.16,337.02,334.68,335.26,54864533,0,54864533.00
02/12/2020,15:00,336.83,337.65,336.43,337.42,43992662,0,43992662.00
02/13/2020,15:00,335.86,338.12,335.56,337.06,54501922,0,54501922.00
02/14/2020,15:00,337.51,337.73,336.20,337.60,64582210,0,64582210.00
02/18/2020,15:00,336.51,337.67,335.21,336.73,57342526,0,57342526.00
02/19/2020,15:00,337.79,339.08,337.48,338.34,48814692,0,48814692.00
02/20/2020,15:00,337.74,338.64,333.68,336.95,74163362,0,74163362.00
02/21/2020,15:00,335.47,335.81,332.58,333.48,113788208,0,113788208.00
02/24/2020,15:00,323.14,325.85,321.24,322.42,161088409,0,161088409.00
02/25/2020,15:00,323.94,324.61,311.69,312.65,218913168,0,218913168.00
02/26/2020,15:00,314.18,318.11,310.70,311.50,194773819,0,194773819.00
02/27/2020,15:00,305.46,309.65,297.51,297.51,284353459,0,284353459.00
02/28/2020,15:00,288.70,297.89,285.54,296.26,384929391,0,384929391.00
03/02/2020,15:00,298.21,309.16,294.46,309.09,238703625,0,238703625.00
03/03/2020,15:00,309.50,313.84,297.57,300.24,300139149,0,300139149.00
03/04/2020,15:00,306.12,313.10,303.33,312.86,176613448,0,176613448.00
03/05/2020,15:00,304.98,308.47,300.01,302.46,186366809,0,186366809.00
03/06/2020,15:00,293.15,298.78,290.23,297.46,228425064,0,228425064.00
03/09/2020,15:00,275.30,284.19,273.45,274.23,309417349,0,309417349.00
03/10/2020,15:00,284.64,288.52,273.50,288.42,276444058,0,276444058.00
03/11/2020,15:00,280.70,281.94,270.88,274.36,256416563,0,256416563.00
03/12/2020,15:00,256.00,266.66,247.68,248.11,392220669,0,392220669.00
03/13/2020,15:00,263.09,271.48,248.52,269.32,329566100,0,329566100.00
03/16/2020,15:00,241.18,256.90,237.36,239.85,297240027,0,297240027.00
03/17/2020,15:00,245.04,256.17,237.07,252.80,262070471,0,262070471.00
03/18/2020,15:00,236.25,248.37,228.02,240.00,327597131,0,327597131.00
03/19/2020,15:00,239.25,247.38,232.22,240.51,289322037,0,289322037.00
03/20/2020,15:00,242.53,244.47,228.50,228.80,347158794,0,347158794.00
03/23/2020,15:00,228.19,229.68,218.26,222.95,326025169,0,326025169.00
03/24/2020,15:00,234.42,244.10,233.80,243.15,235494475,0,235494475.00
03/25/2020,15:00,244.87,256.35,239.75,246.79,299430255,0,299430255.00
03/26/2020,15:00,249.52,262.80,249.05,261.20,257632816,0,257632816.00
03/27/2020,15:00,253.27,260.81,251.05,253.42,224341217,0,224341217.00
03/30/2020,15:00,255.70,262.43,253.53,261.65,170961866,0,170961866.00
03/31/2020,15:00,260.56,263.33,256.22,257.75,194881060,0,194881060.00
04/01/2020,15:00,247.98,251.44,243.90,246.15,189554623,0,189554623.00
04/02/2020,15:00,245.19,252.68,244.59,251.83,177660430,0,177660430.00
04/03/2020,15:00,250.76,253.32,245.22,248.19,135561171,0,135561171.00
04/06/2020,15:00,257.84,267.00,256.73,264.86,188061238,0,188061238.00
04/07/2020,15:00,274.21,275.03,264.89,265.13,201427189,0,201427189.00
04/08/2020,15:00,267.96,276.00,265.25,274.03,153774487,0,153774487.00
04/09/2020,15:00,277.58,281.20,275.47,278.20,190282705,0,190282705.00
04/13/2020,15:00,277.14,277.51,271.41,275.66,114839053,0,114839053.00
04/14/2020,15:00,280.98,284.90,279.91,283.79,134143350,0,134143350.00
04/15/2020,15:00,277.57,279.59,275.46,277.76,121775006,0,121775006.00
04/16/2020,15:00,279.15,280.03,275.76,279.10,131798325,0,131798325.00
04/17/2020,15:00,285.38,287.30,282.40,286.64,146684784,0,146684784.00
04/20/2020,15:00,282.61,286.79,281.35,281.59,100109285,0,100109285.00
04/21/2020,15:00,276.73,278.04,272.02,273.04,126385698,0,126385698.00
04/22/2020,15:00,278.35,281.00,276.91,279.10,93524584,0,93524584.00
04/23/2020,15:00,280.49,283.94,278.75,279.08,104709693,0,104709693.00
04/24/2020,15:00,280.73,283.70,278.50,282.97,85165953,0,85165953.00
04/27/2020,15:00,285.12,288.27,284.62,287.05,77896608,0,77896608.00
04/28/2020,15:00,291.02,291.40,285.40,285.73,105269985,0,105269985.00
04/29/2020,15:00,291.53,294.88,290.41,293.21,118745579,0,118745579.00
04/30/2020,15:00,291.71,293.32,288.59,290.48,122901701,0,122901701.00
05/01/2020,15:00,285.31,286.04,281.52,282.79,125180028,0,125180028.00
05/04/2020,15:00,280.74,283.90,279.13,283.57,80873213,0,80873213.00
05/05/2020,15:00,286.64,289.25,283.71,286.19,79569938,0,79569938.00
05/06/2020,15:00,288.04,288.46,283.78,284.25,73632628,0,73632628.00
05/07/2020,15:00,287.75,289.78,287.13,287.68,75250412,0,75250412.00
05/08/2020,15:00,291.09,292.95,289.86,292.44,76622128,0,76622128.00
05/11/2020,15:00,290.34,294.00,289.88,292.50,79514231,0,79514231.00
05/12/2020,15:00,293.79,294.24,286.52,286.67,95870786,0,95870786.00
05/13/2020,15:00,286.06,287.19,278.97,281.60,144721099,0,144721099.00
05/14/2020,15:00,278.95,285.11,276.37,284.97,121977890,0,121977890.00
05/15/2020,15:00,282.37,286.33,281.34,286.28,111146276,0,111146276.00
05/18/2020,15:00,293.05,296.75,292.70,295.00,120320229,0,120320229.00
05/19/2020,15:00,294.35,296.21,291.95,291.97,95189316,0,95189316.00
05/20/2020,15:00,295.82,297.87,295.57,296.93,85861691,0,85861691.00
05/21/2020,15:00,296.79,297.67,293.69,294.88,78293925,0,78293925.00
05/22/2020,15:00,294.57,295.63,293.22,295.44,63958200,0,63958200.00
05/26/2020,15:00,301.93,302.19,298.69,299.08,88951442,0,88951442.00
05/27/2020,15:00,302.12,303.57,296.87,303.53,104817449,0,104817449.00
05/28/2020,15:00,304.65,306.84,302.24,302.97,90767807,0,90767807.00
05/29/2020,15:00,302.46,304.96,299.47,304.32,119265702,0,119265702.00
06/01/2020,15:00,303.62,306.21,303.06,305.55,56779836,0,56779836.00
06/02/2020,15:00,306.55,308.13,305.10,308.08,74267162,0,74267162.00
06/03/2020,15:00,310.24,313.22,309.94,312.18,92567574,0,92567574.00
06/04/2020,15:00,311.11,313.00,309.08,311.36,75794363,0,75794363.00
06/05/2020,15:00,317.23,321.28,317.16,319.34,150524674,0,150524674.00
06/08/2020,15:00,320.22,323.41,319.63,323.20,73641217,0,73641217.00
06/09/2020,15:00,320.30,322.37,319.36,320.79,77479228,0,77479228.00
06/10/2020,15:00,321.42,322.39,318.22,319.00,95000766,0,95000766.00
06/11/2020,15:00,311.46,312.15,300.01,300.61,209243560,0,209243560.00
06/12/2020,15:00,308.24,309.08,298.60,304.21,194678879,0,194678879.00
06/15/2020,15:00,298.02,308.28,296.74,307.05,135782724,0,135782724.00
06/16/2020,15:00,315.48,315.64,307.67,312.96,137627502,0,137627502.00
06/17/2020,15:00,314.07,314.39,310.86,311.66,83398944,0,83398944.00
06/18/2020,15:00,310.01,312.30,309.51,311.78,80828658,0,80828658.00
06/19/2020,15:00,314.17,314.38,306.53,308.64,135549624,0,135549624.00
06/22/2020,15:00,307.99,311.05,306.75,310.62,74649389,0,74649389.00
06/23/2020,15:00,313.49,314.50,311.61,312.05,68471246,0,68471246.00
06/24/2020,15:00,309.84,310.51,302.10,304.09,132813492,0,132813492.00
06/25/2020,15:00,303.47,307.64,301.28,307.35,89467968,0,89467968.00
06/26/2020,15:00,306.16,306.39,299.42,300.05,127961017,0,127961017.00
06/29/2020,15:00,301.41,304.61,298.93,304.46,79773260,0,79773260.00
06/30/2020,15:00,303.99,310.20,303.82,308.36,113394772,0,113394772.00
07/01/2020,15:00,309.57,311.89,309.07,310.52,72396542,0,72396542.00
07/02/2020,15:00,314.24,315.70,311.51,312.23,69344217,0,69344217.00
07/06/2020,15:00,316.37,317.68,315.56,317.05,61713828,0,61713828.00
07/07/2020,15:00,315.38,317.52,313.37,313.78,82909963,0,82909963.00
07/08/2020,15:00,314.61,316.30,312.70,316.18,54638596,0,54638596.00
07/09/2020,15:00,316.84,317.10,310.68,314.38,83354158,0,83354158.00
07/10/2020,15:00,314.31,317.88,312.76,317.59,57552412,0,57552412.00
07/13/2020,15:00,320.13,322.71,314.13,314.84,102997659,0,102997659.00
07/14/2020,15:00,313.30,319.76,312.00,318.92,93657021,0,93657021.00
07/15/2020,15:00,322.41,323.04,319.27,321.85,87202569,0,87202569.00
07/16/2020,15:00,319.79,321.28,319.09,320.79,54622563,0,54622563.00
07/17/2020,15:00,321.88,322.57,319.74,321.72,62776916,0,62776916.00
07/20/2020,15:00,321.43,325.13,320.62,324.32,56311034,0,56311034.00
07/21/2020,15:00,326.45,326.93,323.94,325.01,57500217,0,57500217.00
07/22/2020,15:00,324.62,327.20,324.50,326.86,57795533,0,57795533.00
07/23/2020,15:00,326.47,327.23,321.48,322.96,75742166,0,75742166.00
07/24/2020,15:00,320.95,321.99,319.25,320.88,73766685,0,73766685.00
07/27/2020,15:00,321.63,323.41,320.78,323.22,48293844,0,48293844.00
07/28/2020,15:00,322.43,323.64,320.85,321.17,57495979,0,57495979.00
07/29/2020,15:00,322.12,325.73,322.08,325.12,48462423,0,48462423.00
07/30/2020,15:00,321.90,324.41,319.64,323.96,61863147,0,61863147.00
07/31/2020,15:00,325.90,326.63,321.33,326.52,85210755,0,85210755.00
08/03/2020,15:00,328.32,329.62,327.73,328.79,53078098,0,53078098.00
08/04/2020,15:00,327.86,330.06,327.86,330.06,41919678,0,41919678.00
08/05/2020,15:00,331.47,332.39,331.18,332.11,42866405,0,42866405.00
08/06/2020,15:00,331.48,334.46,331.13,334.33,43679477,0,43679477.00
08/07/2020,15:00,333.28,334.88,332.30,334.57,57308994,0,57308994.00
08/10/2020,15:00,335.06,335.77,332.96,335.57,44287294,0,44287294.00
08/11/2020,15:00,336.85,337.54,332.01,332.80,69603036,0,69603036.00
08/12/2020,15:00,335.44,338.28,335.43,337.44,53827609,0,53827609.00
08/13/2020,15:00,336.61,338.25,335.83,336.83,41819429,0,41819429.00
08/14/2020,15:00,336.41,337.42,335.62,336.84,47260756,0,47260756.00
08/17/2020,15:00,337.94,338.34,336.85,337.91,35482425,0,35482425.00
08/18/2020,15:00,338.34,339.10,336.61,338.64,38734031,0,38734031.00
08/19/2020,15:00,339.05,339.61,336.62,337.23,68055555,0,68055555.00
08/20/2020,15:00,335.36,338.80,335.22,338.28,42208028,0,42208028.00
08/21/2020,15:00,337.92,339.72,337.55,339.48,55108684,0,55108684.00
08/24/2020,15:00,342.12,343.00,341.06,342.92,48589640,0,48589640.00
08/25/2020,15:00,343.53,344.21,342.27,344.12,38463512,0,38463512.00
08/26/2020,15:00,344.76,347.86,344.17,347.57,50790237,0,50790237.00
08/27/2020,15:00,348.51,349.90,346.53,348.33,58034157,0,58034157.00
08/28/2020,15:00,349.44,350.72,348.15,350.58,48589261,0,48589261.00
08/31/2020,15:00,350.35,351.30,349.06,349.31,66108693,0,66108693.00
09/01/2020,15:00,350.21,352.71,349.24,352.60,55000811,0,55000811.00
09/02/2020,15:00,354.67,358.75,353.43,357.70,69540136,0,69540136.00
09/03/2020,15:00,355.87,356.38,342.59,345.39,148018634,0,148018634.00
09/04/2020,15:00,346.13,347.83,334.87,342.57,139156757,0,139156757.00
09/08/2020,15:00,336.71,338.06,332.88,333.21,114467529,0,114467529.00
09/09/2020,15:00,337.55,342.46,336.61,339.79,91463525,0,91463525.00
09/10/2020,15:00,341.82,342.53,332.85,333.89,90570417,0,90570417.00
09/11/2020,15:00,335.82,336.97,331.00,334.06,84683854,0,84683854.00
09/14/2020,15:00,337.49,340.38,334.22,338.46,65605868,0,65605868.00
09/15/2020,15:00,341.12,342.02,339.02,340.17,52921004,0,52921004.00
09/16/2020,15:00,341.51,343.06,338.52,338.82,82216180,0,82216180.00
09/17/2020,15:00,333.56,337.70,332.99,335.84,91524523,0,91524523.00
09/18/2020,15:00,335.37,335.49,327.97,330.65,105877942,0,105877942.00
